,Stage
79,4.0
291,3.0
107,2.0
83,3.0
174,3.0
260,3.0
77,4.0
295,4.0
246,3.0
80,4.0
149,1.0
273,4.0
157,2.0
25,3.0
218,3.0
211,3.0
55,2.0
247,3.0
171,3.0
176,2.0
120,4.0
180,4.0
137,3.0
154,4.0
200,4.0
97,1.0
119,3.0
307,2.0
72,1.0
166,4.0
49,4.0
122,4.0
179,3.0
234,3.0
258,3.0
27,4.0
36,4.0
294,3.0
61,4.0
57,1.0
70,4.0
248,4.0
34,3.0
125,4.0
21,4.0
241,3.0
100,3.0
220,4.0
131,3.0
311,2.0
118,3.0
129,3.0
303,3.0
284,1.0
183,3.0
17,4.0
153,3.0
229,4.0
195,4.0
127,4.0
175,4.0
261,3.0
198,3.0
159,3.0
144,3.0
215,3.0
43,3.0
165,2.0
206,4.0
236,3.0
285,3.0
40,4.0
9,4.0
190,4.0
62,3.0
242,4.0
199,3.0
41,4.0
108,3.0
223,3.0
74,4.0
98,2.0
243,3.0
281,4.0
51,1.0
30,2.0
60,1.0
197,2.0
203,3.0
297,3.0
304,3.0
245,4.0
178,4.0
121,3.0
65,3.0
263,3.0
266,4.0
88,2.0
280,4.0
282,4.0
172,2.0
26,4.0
219,2.0
35,2.0
19,4.0
237,2.0
244,3.0
59,3.0
130,4.0
10,4.0
151,3.0
63,3.0
257,1.0
235,3.0
270,3.0
85,3.0
44,2.0
87,3.0
228,4.0
4,3.0
73,4.0
96,3.0
240,4.0
8,2.0
47,3.0
256,2.0
182,2.0
13,4.0
123,4.0
5,3.0
16,4.0
269,3.0
56,3.0
99,4.0
177,4.0
238,4.0
145,3.0
204,3.0
67,3.0
82,4.0
38,4.0
184,3.0
135,2.0
208,2.0
24,2.0
115,3.0
289,3.0
308,2.0
28,2.0
300,4.0
50,2.0
288,2.0
233,2.0
162,3.0
11,4.0
222,4.0
254,3.0
164,4.0
71,3.0
53,4.0
104,3.0
189,2.0
210,3.0
124,4.0
225,3.0
52,4.0
275,2.0
305,2.0
105,2.0
150,2.0
293,4.0
58,3.0
207,4.0
39,4.0
6,3.0
84,4.0
147,3.0
161,4.0
143,3.0
226,2.0
156,2.0
113,3.0
12,3.0
205,1.0
169,3.0
140,2.0
230,4.0
299,4.0
306,2.0
268,2.0
202,2.0
271,1.0
111,4.0
89,2.0
54,3.0
102,4.0
265,3.0
33,2.0
109,3.0
278,2.0
309,2.0
91,4.0
134,2.0
152,1.0
251,4.0
103,2.0
114,3.0
42,2.0
116,4.0
167,2.0
128,3.0
81,3.0
267,4.0
93,4.0
187,4.0
193,2.0
45,3.0
22,4.0
