,Bilirubin,Cholesterol,Albumin,Copper,Alk_Phos,SGOT,Tryglicerides,Platelets,N_Days,Age,Drug_D-penicillamine,Drug_Placebo,Sex_F,Sex_M,Ascites_N,Ascites_Y,Hepatomegaly_N,Hepatomegaly_Y,Spiders_N,Spiders_Y,Edema_N,Edema_S,Edema_Y,ID,Prothrombin,Stage
180,-0.35847274151531683,-0.6814691287908402,0.12297875662367802,-0.2775242169862376,-0.9740267262136021,-0.8499954374949056,-0.24106716251892832,-2.3826984492784997,0.42318452720990657,-0.5298476736453442,1.0,0.0,1.0,0.0,1.0,0.0,0.0,1.0,0.0,1.0,1.0,0.0,0.0,181.0,10.3,4.0
16,0.14856440017781888,-0.4857843745552399,-0.8538061469888827,0.9404869617868454,-0.07140727721204958,-0.01597172971920749,0.1700592758132564,-0.30991509173805837,-1.1287297666934015,0.20857204178783312,0.0,1.0,1.0,0.0,1.0,0.0,0.0,1.0,1.0,0.0,1.0,0.0,0.0,17.0,10.5,4.0
65,-0.35847274151531683,0.513640253024902,0.38494562433530904,0.3245897023538455,0.19092008589129264,1.0254583232896282,0.8819996759929659,-1.6316863989040102,1.8430949192255242,-0.34716778719513713,1.0,0.0,0.0,1.0,1.0,0.0,0.0,1.0,1.0,0.0,1.0,0.0,0.0,66.0,11.0,3.0
276,-0.5604445827905654,-0.18152304596565244,0.07889309376338245,-0.6174645764185333,0.0033827909896541907,-0.6744187389523073,-0.14413940456514962,1.3551506726154137,-0.5512126959347557,-1.449354136984105,0.0,1.0,1.0,0.0,1.0,0.0,1.0,0.0,1.0,0.0,0.0,1.0,0.0,277.0,9.8,3.0
6,-0.5604445827905654,-0.14752084817618466,1.2082266975532423,-0.4668243227870084,-0.6753066632253426,-1.216563340208843,1.494935832748195,-0.543085738776744,-0.20557090020251367,0.5335723048911086,0.0,1.0,1.0,0.0,1.0,0.0,0.0,1.0,1.0,0.0,1.0,0.0,0.0,7.0,9.7,3.0
67,-0.7405057292288099,-1.303122743004011,1.2082266975532423,-0.3613309219140362,-0.8699575703519226,-0.9556783911827313,-1.6598288613082999,-0.5550380048381388,1.7110910173378338,-1.6893870110407725,1.0,0.0,1.0,0.0,1.0,0.0,1.0,0.0,1.0,0.0,1.0,0.0,0.0,68.0,10.6,3.0
281,-0.4059193480286987,-0.2712050772713353,-0.00965131751012317,0.22081101091962863,-0.0066417374144893465,-0.9626133602901435,0.8510275071443795,0.031803652067616046,-0.5329753147529038,-1.5603427889262367,0.0,1.0,1.0,0.0,1.0,0.0,0.0,1.0,1.0,0.0,1.0,0.0,0.0,282.0,9.5,4.0
203,-0.7405057292288099,-0.6278143199262433,0.4713212392409098,-1.0964603356504412,-0.4848798412021874,-0.8154906564602423,-1.3232629183116558,0.3026767847471216,0.018488354317381946,1.2167632174439909,0.0,1.0,1.0,0.0,1.0,0.0,1.0,0.0,1.0,0.0,1.0,0.0,0.0,204.0,10.2,3.0
302,-0.5604445827905654,0.17895923526912394,-0.6209759384047977,0.36248199766738814,-0.3405900658683013,0.3656566736910604,-1.4038563240658648,-0.04345764364259983,-0.7110068929566968,1.0306315308137652,0.0,1.0,1.0,0.0,1.0,0.0,0.0,1.0,0.0,1.0,1.0,0.0,0.0,303.0,10.6,4.0
291,1.5699695557973252,1.1706793858394795,0.449770813428031,0.0425758670264327,-0.44379267889343615,0.14620342462239372,0.5963413092709707,0.40350119923861477,-0.6423996018440156,0.020581693522212983,0.0,1.0,0.0,1.0,1.0,0.0,0.0,1.0,1.0,0.0,1.0,0.0,0.0,292.0,11.2,3.0
284,-0.6768249189562664,-0.6430682963622495,-0.0987002675948679,-0.24493702373322965,-0.8183982205301688,-1.3043573582206618,-0.7867806550535916,-0.00032306176309308235,-0.5798714377919517,-0.3572576646444218,1.0,0.0,1.0,0.0,1.0,0.0,1.0,0.0,1.0,0.0,1.0,0.0,0.0,285.0,10.0,1.0
79,1.2951551420124785,-0.6891956092803484,0.4281914802310146,1.9289434840282174,-0.2480692664235968,0.9352963367028061,-0.5464557263431915,1.0565087022954072,-1.0236477132170163,1.685411472654188,0.0,1.0,0.0,1.0,1.0,0.0,0.0,1.0,1.0,0.0,1.0,0.0,0.0,80.0,11.2,4.0
26,3.460539536225319,-1.2939209634986526,-0.48299473395559317,1.5287456730401712,1.1801122352603342,-0.3117790920862811,0.8354726964441226,-2.36357568312482,-1.729694898971571,0.42736306858284867,0.0,1.0,1.0,0.0,0.0,1.0,0.0,1.0,0.0,1.0,0.0,1.0,0.0,27.0,12.0,4.0
157,0.3698555713058836,0.6471612225341139,-0.3462585490702364,-0.8720006745614564,-0.16563334923914635,-0.04391036840378444,-0.012037145673679637,0.6193866617868462,0.35284034265133474,-1.3131407914187616,1.0,0.0,1.0,0.0,1.0,0.0,1.0,0.0,1.0,0.0,1.0,0.0,0.0,158.0,11.2,2.0
299,0.8509762533832413,0.10953611880168986,-3.198671527846738,1.6411002254014564,-0.9174930447767573,0.2825095767508454,0.11223776757048301,-0.5192687699572969,-1.616796824988678,0.7892710413032444,0.0,1.0,1.0,0.0,1.0,0.0,0.0,1.0,1.0,0.0,1.0,0.0,0.0,300.0,12.3,4.0
44,-0.8089225351629792,0.10953611880168986,0.8754365443174759,-1.2103641105362914,0.13541023571001737,-0.9556783911827313,0.11223776757048301,2.0106011309850587,1.6989327632165991,-0.7990880876867833,0.0,1.0,1.0,0.0,1.0,0.0,1.0,0.0,1.0,0.0,1.0,0.0,0.0,45.0,10.9,2.0
146,-0.4552287163616672,-0.3842582837877816,-0.3462585490702364,-0.8720006745614564,-0.7088696652272454,-1.295331760903279,-0.0870285248539363,-0.4368068749464278,0.8044326385829073,2.422503572633512,1.0,0.0,1.0,0.0,1.0,0.0,1.0,0.0,1.0,0.0,0.0,1.0,0.0,147.0,10.7,2.0
267,1.1259859975106832,-0.0009563054275310436,-1.8243161118024276,-1.3039253288211676,-0.6652692878902292,-0.717225199248709,1.004113135492246,-1.2511170932991742,-0.7622452496104714,0.5200306272618055,1.0,0.0,1.0,0.0,0.0,1.0,0.0,1.0,1.0,0.0,0.0,1.0,0.0,268.0,11.0,4.0
311,1.1259859975106832,1.3246535082709834,0.5786437858301222,1.2086483018638021,0.3236873777701575,0.29926060914894753,0.5306140918551862,-0.5910725354312374,-1.1122292789574402,-1.6370789621589543,0.0,1.0,1.0,0.0,1.0,0.0,1.0,0.0,0.0,1.0,1.0,0.0,0.0,312.0,10.8,2.0
125,-0.4552287163616672,-0.522670138517657,-0.9243736558573713,0.20418368054542332,-0.1403645007330331,0.7736195306159706,-1.068675648815974,-1.0200707706036174,-1.0809651969314082,0.3458474797162591,1.0,0.0,1.0,0.0,0.0,1.0,0.0,1.0,0.0,1.0,1.0,0.0,0.0,126.0,11.1,4.0
154,-0.8089225351629792,-0.9040632943897178,-0.3917010159526196,-0.3785204468870511,-0.008077339113662967,0.5822249528848338,-0.7867806550535916,0.6000809691525146,0.5187136667338931,-0.6280912172304848,0.0,1.0,1.0,0.0,1.0,0.0,0.0,1.0,0.0,1.0,0.0,1.0,0.0,155.0,11.2,4.0
229,0.3397402691201669,-0.28517128074779585,-0.2557763611992087,-0.48498764115449017,-1.3168012522719637,-0.6808069665697161,-1.7200313932532172,-2.089910650692903,-0.07790923192954989,-1.4958206778689687,0.0,1.0,1.0,0.0,1.0,0.0,0.0,1.0,0.0,1.0,1.0,0.0,0.0,230.0,11.5,4.0
64,-0.4552287163616672,-0.6202097641777982,0.1669414462050653,-0.10414704393753942,-0.7792392828227931,0.38292792274515475,-0.20202741022937643,1.6576258349560893,1.6702740213594032,-0.9533570034245309,1.0,0.0,1.0,0.0,1.0,0.0,1.0,0.0,1.0,0.0,1.0,0.0,0.0,65.0,10.0,1.0
129,2.93553642900653,5.73238195467672,-0.21073427801347253,1.3858232093103988,0.2920791545291544,0.7736195306159706,-0.4214854172769734,1.5582590311646496,-0.5694500771166078,-0.5630380599916756,0.0,1.0,1.0,0.0,1.0,0.0,0.0,1.0,0.0,1.0,1.0,0.0,0.0,130.0,11.5,3.0
223,-0.5604445827905654,-0.2364892539804916,0.2981018386277813,-0.21284743256095992,-0.3205840838783734,0.6548734533115779,-0.3403092097178263,0.5807130998915182,-0.10743642050969117,-1.1068293498899666,1.0,0.0,1.0,0.0,1.0,0.0,1.0,0.0,1.0,0.0,1.0,0.0,0.0,224.0,9.7,3.0
237,-0.8089225351629792,-0.44196291624499473,-0.3917010159526196,0.20418368054542332,-0.42358035880107486,0.17466040352657897,-0.7642762073584649,0.443345007526112,-0.16909613783880975,1.5884955445229008,0.0,1.0,1.0,0.0,1.0,0.0,1.0,0.0,1.0,0.0,0.0,1.0,0.0,238.0,9.8,2.0
206,-0.8089225351629792,0.10953611880168986,-0.4372793356632061,-1.3712725586287398,-0.7696026512008975,-0.6479231168868395,0.11223776757048301,0.07434672424762229,0.08883253887595383,2.2053056843831205,1.0,0.0,1.0,0.0,1.0,0.0,1.0,0.0,1.0,0.0,0.0,1.0,0.0,207.0,10.1,4.0
144,-0.7405057292288099,-0.2364892539804916,0.6852607042953505,0.20754221564494177,-0.641422360016574,-1.7257979146027278,-0.24106716251892832,0.010406985942048249,0.787932150846946,0.1132492522011698,0.0,1.0,1.0,0.0,1.0,0.0,1.0,0.0,0.0,1.0,1.0,0.0,0.0,145.0,11.4,3.0
120,-0.4059193480286987,-1.522576308625163,-1.0189935516903237,-0.11935085749852718,-0.4070430899265458,-1.589331526770977,-1.571928064609887,-0.4368068749464278,-1.6306919725558033,1.7334711520836756,0.0,1.0,0.0,1.0,0.0,1.0,0.0,1.0,1.0,0.0,0.0,0.0,1.0,121.0,13.2,4.0
200,-0.8089225351629792,-0.7831626333978928,-0.7369362753767272,-1.0174223829050293,0.08898491529615117,-0.21560457753715756,-1.093251880759434,-0.2645478730955966,0.19565148579822964,-0.8670619989240697,0.0,1.0,1.0,0.0,1.0,0.0,0.0,1.0,1.0,0.0,1.0,0.0,0.0,201.0,10.8,4.0
3,-0.1838299037140801,-0.7124693732438986,-2.362205676696022,-0.26116697058406313,2.187889160563779,-1.2120524536675277,-0.5253473281214299,-0.8005820236177876,-0.1248053549685978,0.45657060856762016,1.0,0.0,1.0,0.0,1.0,0.0,0.0,1.0,0.0,1.0,0.0,1.0,0.0,4.0,10.3,4.0
192,1.9599437497962766,2.9118260473548934,-0.7602368034208238,1.9130193051612423,0.3666993945934577,0.7027136367935225,0.6612148177431036,1.2512758016410042,-1.104413258450932,0.6535887419194424,0.0,1.0,1.0,0.0,1.0,0.0,1.0,0.0,1.0,0.0,1.0,0.0,0.0,193.0,10.4,4.0
186,2.461877275896306,2.4004888587466096,-0.21073427801347253,1.7834161408212603,0.7619969213945756,0.5822249528848338,0.3279517457417658,0.16888336484456332,-1.1599938487194335,-1.381114702656048,0.0,1.0,1.0,0.0,1.0,0.0,0.0,1.0,1.0,0.0,1.0,0.0,0.0,187.0,11.5,3.0
85,0.8021601267702925,5.214380053168546,-0.7136721260534349,-0.08904561645355506,0.6443175755159054,-0.7139967322925662,0.9281202830241224,-0.8258591716457249,-0.3575490767179468,0.2643318908496696,1.0,0.0,1.0,0.0,1.0,0.0,0.0,1.0,0.0,1.0,1.0,0.0,0.0,86.0,10.9,3.0
297,-0.5066391549374676,-0.027247958150943753,-0.3462585490702364,-0.11935085749852718,-1.3518750740221734,-0.4077880496315639,-0.5043533410898392,-0.0978680559670718,-0.6675845568094302,0.2611456137604218,0.0,1.0,1.0,0.0,1.0,0.0,0.0,1.0,1.0,0.0,1.0,0.0,0.0,298.0,10.2,3.0
207,0.5141920920146815,0.3278499983661564,-0.7369362753767272,-0.3613309219140362,-0.14112594624285782,0.5822249528848338,0.22328944654018404,-1.1544621990412585,-1.0114894590957817,1.092232887872556,1.0,0.0,1.0,0.0,1.0,0.0,0.0,1.0,1.0,0.0,1.0,0.0,0.0,208.0,10.0,4.0
304,0.21445413976256578,0.5077543968009458,0.18887699637260655,-0.11935085749852718,1.8271074463177752,2.36952260018212,0.4472015785186683,0.2413193342352731,-0.7405340815368381,-0.6756198504784311,0.0,1.0,1.0,0.0,1.0,0.0,0.0,1.0,0.0,1.0,1.0,0.0,0.0,305.0,10.6,3.0
166,-0.6170145943338932,0.20410094656402122,0.7277129880777123,1.3400238441837669,-0.49302585997948667,-0.6808069665697161,0.612638419044407,-0.15284118550743114,-0.33583790864431345,1.0595735477077661,1.0,0.0,0.0,1.0,1.0,0.0,0.0,1.0,1.0,0.0,1.0,0.0,0.0,167.0,10.3,4.0
112,1.1905999957254256,0.1915468969634331,0.4713212392409098,0.2990266895272179,-0.5259768200982012,0.17466040352657897,-0.3604502787327538,0.14801409485381467,-0.9454875081519364,0.1164355292904176,1.0,0.0,1.0,0.0,1.0,0.0,0.0,1.0,0.0,1.0,1.0,0.0,0.0,113.0,11.1,4.0
167,-0.9656147127028083,-0.6126200466293221,0.6000231736631484,-0.6174645764185333,-0.6572826375840514,-0.3949407384710451,-0.16334749435812596,0.09158483322052186,0.5595306627123237,-0.22104431907907843,0.0,1.0,1.0,0.0,1.0,0.0,0.0,1.0,1.0,0.0,1.0,0.0,0.0,168.0,9.2,2.0
262,-0.5066391549374676,0.5429666934085811,0.10095136137270329,-0.5979247572150894,-0.16717426333916288,1.126851171893009,-0.8551514225936967,-0.04345764364259983,-0.6667161100864849,-1.4700649380642157,0.0,1.0,1.0,0.0,1.0,0.0,0.0,1.0,0.0,1.0,0.0,1.0,0.0,263.0,11.4,4.0
2,-0.35847274151531683,-1.2847454374476828,-0.0987002675948679,1.4310673690546907,-1.0215132809700322,-0.4256479090746625,-1.4038563240658648,-1.2232739084856519,-0.9176972130176858,1.9434999168832596,1.0,0.0,0.0,1.0,1.0,0.0,1.0,0.0,1.0,0.0,0.0,1.0,0.0,3.0,12.0,4.0
292,1.5511193396791383,-1.1238349584876672,-1.2582670125874034,1.3029705667715934,-0.6843925040097683,0.7302808686009614,-0.8322155317448069,-1.6470915155547856,-0.6502156223505235,0.6947448209888931,0.0,1.0,1.0,0.0,1.0,0.0,0.0,1.0,0.0,1.0,0.0,0.0,1.0,293.0,12.3,4.0
139,-0.5066391549374676,-0.36995779714657534,1.2082266975532423,-0.7396851307508354,0.3268275525791838,1.0699661803591887,0.4807376959241228,0.6673827521591192,0.8600132288514085,0.3920484975103522,1.0,0.0,1.0,0.0,1.0,0.0,0.0,1.0,1.0,0.0,1.0,0.0,0.0,140.0,10.0,3.0
273,-0.2684144759649778,0.10953611880168986,-1.0427443736995534,0.6934532253559375,0.24717757535954335,0.16347198882103298,0.11223776757048301,1.1634603365964982,-0.5399228885364664,-0.1990059025451145,1.0,0.0,1.0,0.0,1.0,0.0,1.0,0.0,1.0,0.0,1.0,0.0,0.0,274.0,9.6,4.0
0,2.534886346076844,-0.582407840520503,-2.206324689361794,0.9093282429436865,0.06125568918021064,0.3317489246797632,0.897417837974671,-0.7131823370895907,-1.4491866074602289,0.8468895520004756,1.0,0.0,1.0,0.0,0.0,1.0,0.0,1.0,0.0,1.0,0.0,0.0,1.0,1.0,12.2,4.0
244,-0.8089225351629792,-0.493134429886346,0.27631684323120076,-0.5405732305744987,-0.705789902429721,-1.417590637466825,1.5087544810208624,0.5417884030542902,-0.24204566256621762,-0.413283036797029,0.0,1.0,1.0,0.0,1.0,0.0,0.0,1.0,1.0,0.0,1.0,0.0,0.0,245.0,9.6,3.0
