,Bilirubin,Cholesterol,Albumin,Copper,Alk_Phos,SGOT,Tryglicerides,Platelets,N_Days,Age,Drug_D-penicillamine,Drug_Placebo,Sex_F,Sex_M,Ascites_N,Ascites_Y,Hepatomegaly_N,Hepatomegaly_Y,Spiders_N,Spiders_Y,Edema_N,Edema_S,Edema_Y,ID,Prothrombin,Stage
308,-0.9656147127028083,-0.5899390621549959,-1.8243161118024276,-0.6774558577048498,-0.36079882673438435,-0.9858363783091729,-0.7419102525180591,-0.23078305922113637,-0.9333292540307018,0.801750626569465,0.0,1.0,1.0,0.0,1.0,0.0,1.0,0.0,1.0,0.0,1.0,0.0,0.0,309.0,10.8,2.0
52,0.11470385656321472,0.10953611880168986,-0.971607296810706,0.18079565763099403,2.3097626672728606,-1.3105623638020452,0.11223776757048301,-0.4251378789930283,-0.9281185736930297,1.6851459495634173,1.0,0.0,1.0,0.0,1.0,0.0,0.0,1.0,1.0,0.0,1.0,0.0,0.0,53.0,11.0,4.0
15,-0.7405057292288099,-1.0376608432017094,0.2981018386277813,-0.9672440403435824,-0.8217072200024744,-0.9200778879853023,-1.3232629183116558,-0.6152458920748268,1.392371070016897,-0.9299909714367137,0.0,1.0,1.0,0.0,1.0,0.0,1.0,0.0,1.0,0.0,1.0,0.0,0.0,16.0,10.8,3.0
27,2.9090327420964854,-0.8877100448934305,-0.6672522854380671,1.4220619902006781,0.23420439151178532,1.114104658458942,1.2404126382374683,-1.3215538148497126,-1.3197880457413744,-0.4932054871189946,0.0,1.0,1.0,0.0,0.0,1.0,0.0,1.0,0.0,1.0,0.0,0.0,1.0,28.0,13.0,4.0
189,0.009012487263550186,0.10953611880168986,0.8754365443174759,-1.069570735706665,0.13676248322820214,0.2538897994945232,0.11223776757048301,0.7528343821944613,0.37802529761674936,0.43585980748750947,1.0,0.0,1.0,0.0,1.0,0.0,1.0,0.0,0.0,1.0,1.0,0.0,0.0,190.0,10.2,2.0
127,2.7741401877390373,0.10953611880168986,-1.477069513093799,-0.6572220543502305,0.13676248322820214,2.4964178599881133,0.11223776757048301,-1.6316863989040102,-0.8959860449440525,-0.7839532715128562,1.0,0.0,1.0,0.0,1.0,0.0,0.0,1.0,0.0,1.0,1.0,0.0,0.0,128.0,12.6,4.0
254,-0.7405057292288099,-1.1325732991212674,0.7065006294129887,-0.8044232766021018,-1.086746016059812,-1.4095440880421413,-0.012037145673679637,-1.1544621990412585,-0.28981023232821085,-1.4278467666316823,0.0,1.0,1.0,0.0,1.0,0.0,0.0,1.0,0.0,1.0,1.0,0.0,0.0,255.0,10.3,3.0
187,-0.7405057292288099,-1.1854856524506592,-0.0987002675948679,-0.6774558577048498,-0.8563339086049809,0.039359474967406494,-0.401036829287134,-1.0466181800912946,0.22865246127015226,1.2210115868963212,1.0,0.0,1.0,0.0,1.0,0.0,0.0,1.0,1.0,0.0,1.0,0.0,0.0,188.0,11.0,4.0
191,-0.6170145943338932,-0.24340982055412097,0.36327886598824644,-0.21284743256095992,-0.8096093268982415,-1.4595342687444286,-0.3403092097178263,0.9110938293295444,0.3250500475170841,0.2606145675788805,1.0,0.0,1.0,0.0,1.0,0.0,0.0,1.0,1.0,0.0,1.0,0.0,0.0,192.0,9.8,4.0
5,-0.6768249189562664,-0.6814691287908402,0.9801493969805034,-0.5033299214372525,-0.5585985389521337,-0.4878143500899873,-1.1934406246798117,0.09158483322052186,0.377156850893804,1.5736262514397443,0.0,1.0,1.0,0.0,1.0,0.0,0.0,1.0,1.0,0.0,1.0,0.0,0.0,6.0,11.0,3.0
282,-0.5066391549374676,0.4246153061779111,1.0010128882359013,0.2990266895272179,-0.25609082786053494,-0.5284730027661384,-0.10598106073558035,1.591537911671577,-0.9020651720046698,1.2441120957933678,0.0,1.0,1.0,0.0,1.0,0.0,1.0,0.0,1.0,0.0,1.0,0.0,0.0,283.0,9.6,4.0
20,-0.8089225351629792,-0.6507178943833107,0.6639931049729674,-0.6774558577048498,-0.6562869788239695,-1.1021057534219556,-0.7196802647090573,0.8371179435974948,1.1952336639083065,1.372890794817133,0.0,1.0,0.0,1.0,1.0,0.0,0.0,1.0,0.0,1.0,1.0,0.0,0.0,21.0,11.4,4.0
1,-0.5066391549374676,-0.28517128074779585,1.3108835985970835,-0.4310142600308614,2.635899726994815,-0.09357521904792823,-0.6104865652871311,-0.344206936225802,2.1114449566156317,0.621991494117735,1.0,0.0,1.0,0.0,1.0,0.0,0.0,1.0,0.0,1.0,1.0,0.0,0.0,2.0,10.6,3.0
265,-0.8833213878032712,-0.1747012714205793,-0.46011982265726836,-0.4668243227870084,-0.9034167724706458,-0.9858363783091729,2.1127878790631276,0.28229774090584886,-0.394892285804596,0.6087153395792025,1.0,0.0,1.0,0.0,1.0,0.0,1.0,0.0,1.0,0.0,1.0,0.0,0.0,266.0,10.2,3.0
188,-0.4059193480286987,0.10271194983470142,0.2326571404248752,-0.4668243227870084,0.12592369346828183,-0.3949407384710451,0.7727856175843717,0.042470519232735794,0.3363398549153734,0.05961358786549852,0.0,1.0,1.0,0.0,1.0,0.0,0.0,1.0,1.0,0.0,1.0,0.0,0.0,189.0,9.9,3.0
99,0.009012487263550186,-1.2664722551167296,-1.2100948581190465,0.7924346613262958,-0.7557869188162896,0.9579832090793928,0.06169360478200985,-1.6936896226312785,-1.3171827055725385,0.1392705150966935,0.0,1.0,0.0,1.0,1.0,0.0,0.0,1.0,1.0,0.0,1.0,0.0,0.0,100.0,12.0,4.0
238,-0.6768249189562664,-0.299183807005409,-1.3550987391863492,1.615455046777138,0.113672696025719,0.201226946517919,-0.3806923073848936,0.6769365829820566,-1.1938632709143013,-0.3145084470303472,1.0,0.0,1.0,0.0,1.0,0.0,0.0,1.0,0.0,1.0,1.0,0.0,0.0,239.0,11.2,4.0
46,-0.8833213878032712,-0.18835558892001453,0.27631684323120076,-0.19698226055465146,0.0598607980224241,1.0920810175943727,-0.9960118080975966,1.0204630986028875,0.4405534616688132,-0.25264156688078576,0.0,1.0,1.0,0.0,1.0,0.0,1.0,0.0,1.0,0.0,1.0,0.0,0.0,47.0,9.8,3.0
256,-0.8833213878032712,-0.44196291624499473,1.4941159339098946,-0.7825461497026154,-1.2122028449198374,-1.3302985852594231,0.4807376959241228,-0.27585212151521127,-0.394892285804596,0.7982988263894466,1.0,0.0,1.0,0.0,1.0,0.0,1.0,0.0,1.0,0.0,1.0,0.0,0.0,257.0,10.6,2.0
80,2.520386470986344,0.6356882438473728,0.27631684323120076,-0.8266152308511673,-0.3172690436307472,-1.216563340208843,2.802538315792527,1.277395702985778,0.4092893796427813,1.2831439901366533,1.0,0.0,1.0,0.0,1.0,0.0,0.0,1.0,0.0,1.0,1.0,0.0,0.0,81.0,11.7,4.0
249,-0.8089225351629792,-0.3062075858770229,-0.3689628768037072,-1.0964603356504412,0.7070240785374303,1.536998735216187,-0.675618463017537,0.5222303363740572,-0.2602830437480696,-0.8962695389088412,0.0,1.0,1.0,0.0,1.0,0.0,0.0,1.0,1.0,0.0,1.0,0.0,0.0,250.0,10.9,4.0
63,-0.06532851974451888,0.1852572845072501,-0.054112185770145246,-0.4668243227870084,-0.49847661829475404,0.5331794776964971,1.138272605698295,-0.8640382069416439,-0.5051850196186531,1.2486259883364688,0.0,1.0,1.0,0.0,1.0,0.0,0.0,1.0,1.0,0.0,1.0,0.0,0.0,64.0,11.0,3.0
61,-0.4059193480286987,-0.28517128074779585,-1.8243161118024276,-0.3613309219140362,-0.07880050962678639,-1.6795035702810779,-0.12501764457646092,0.7716633151735321,0.8869350772627138,1.0351454233568662,0.0,1.0,1.0,0.0,0.0,1.0,1.0,0.0,1.0,0.0,1.0,0.0,0.0,62.0,13.2,4.0
105,-0.06532851974451888,0.10953611880168986,0.8122888889662032,-0.5033299214372525,-0.42883246945502346,-0.2744840101878318,0.11223776757048301,-1.4222529417585001,1.0015700446914977,1.7918862320532185,1.0,0.0,1.0,0.0,0.0,1.0,0.0,1.0,1.0,0.0,1.0,0.0,0.0,106.0,10.6,2.0
236,-0.2684144759649778,0.6011147870268406,-1.3308293655151995,0.3245897023538455,-0.6793386570541333,-0.6479231168868395,-0.20202741022937643,-0.8258591716457249,-0.16214856405524708,0.943539957040992,1.0,0.0,1.0,0.0,1.0,0.0,0.0,1.0,1.0,0.0,1.0,0.0,0.0,237.0,10.1,3.0
92,-0.4059193480286987,0.057646615438066325,0.3198570933747108,-0.11935085749852718,0.2754916022967785,1.6977412116512356,-1.068675648815974,1.233805515711252,1.601666730246722,-1.3091579450572017,1.0,0.0,1.0,0.0,1.0,0.0,1.0,0.0,1.0,0.0,1.0,0.0,0.0,93.0,11.1,2.0
19,0.8266878460725349,0.1915468969634331,-0.03186591797349402,0.7378371338540682,0.19752587734105437,0.06675904263000017,0.29332372401250717,0.7055085774973021,-0.6189515403244916,0.9621265733949376,0.0,1.0,1.0,0.0,1.0,0.0,0.0,1.0,1.0,0.0,1.0,0.0,0.0,20.0,13.0,4.0
271,-0.8833213878032712,-0.8552230603085175,-1.3794094225193914,-1.123941127767542,-0.833902645745216,-1.278642705136321,-0.675618463017537,-1.1956145130960134,-0.47218404414673054,-1.1283367202423893,1.0,0.0,1.0,0.0,1.0,0.0,1.0,0.0,1.0,0.0,1.0,0.0,0.0,272.0,9.8,1.0
118,-0.8089225351629792,1.6210118772510673,0.6639931049729674,0.6141808845645699,-0.5585985389521337,-0.3949407384710451,-0.0870285248539363,0.5515433894778056,-1.3493152343215158,0.4095730215012151,1.0,0.0,1.0,0.0,1.0,0.0,1.0,0.0,0.0,1.0,1.0,0.0,0.0,119.0,9.5,3.0
145,-0.4552287163616672,0.10953611880168986,0.7911857324491514,-0.3613309219140362,-0.2633367959136139,0.8896220933389873,0.11223776757048301,-0.14180069984528176,0.4744228838636812,-1.5680429585585853,0.0,1.0,1.0,0.0,1.0,0.0,1.0,0.0,1.0,0.0,0.0,1.0,0.0,146.0,9.4,3.0
25,0.8509762533832413,3.655015726464604,0.3415827289453144,-0.4488348280753067,0.949447642999235,0.7736195306159706,0.8042235678352512,1.583233030590766,-0.5425282287053025,0.19317170252313542,0.0,1.0,1.0,0.0,1.0,0.0,0.0,1.0,0.0,1.0,1.0,0.0,0.0,26.0,9.9,3.0
96,-0.10382782616590353,0.4722932407510718,-0.5978911608947576,-0.2940118061956247,0.9331299404637411,-0.8154906564602423,-0.5464557263431915,0.9110938293295444,-1.2659443489187638,2.120072772245742,0.0,1.0,0.0,1.0,1.0,0.0,0.0,1.0,1.0,0.0,0.0,1.0,0.0,97.0,11.4,3.0
202,-0.8833213878032712,-1.5424260965573737,1.104940368019625,1.5810010123213167,-0.9210340164753779,-1.417590637466825,-1.349890663196283,-1.0200707706036174,0.13225487502322042,-1.2584430347200077,0.0,1.0,1.0,0.0,1.0,0.0,0.0,1.0,1.0,0.0,1.0,0.0,0.0,203.0,9.9,2.0
131,-0.1433022617642205,0.6356882438473728,0.6639931049729674,-0.3273908092728254,-0.4597630193370028,0.147933333234369,0.9434053355268897,-0.8258591716457249,0.7601418557126953,-0.9193700478058877,1.0,0.0,1.0,0.0,1.0,0.0,1.0,0.0,1.0,0.0,1.0,0.0,0.0,132.0,9.8,3.0
182,-0.8833213878032712,-1.0632868426266477,0.449770813428031,-0.6174645764185333,-0.21471015983713246,-1.3762594206042809,0.4639985479252625,1.7799043953284277,0.14962380948212706,-0.9477810185183473,0.0,1.0,1.0,0.0,1.0,0.0,1.0,0.0,1.0,0.0,1.0,0.0,0.0,183.0,10.1,2.0
209,-0.6170145943338932,0.012132198166346099,-0.3462585490702364,-0.0004773810247870406,-0.4192146018827442,0.06675904263000017,-0.5676804269203548,0.47305088780779514,0.1348602151920564,-0.0261503704534214,0.0,1.0,0.0,1.0,1.0,0.0,0.0,1.0,1.0,0.0,1.0,0.0,0.0,210.0,10.0,2.0
185,-0.10382782616590353,-0.8633176732338959,0.012531750470554317,-0.48498764115449017,-0.5689755640219769,-0.9916680055900599,-1.218981023260884,-0.5910725354312374,-0.4278932612765186,2.017580859208271,1.0,0.0,1.0,0.0,1.0,0.0,1.0,0.0,0.0,1.0,0.0,1.0,0.0,186.0,12.7,3.0
126,-0.8833213878032712,-0.5300883145624716,1.1876201558447845,-1.5646149183804436,-0.35403966022217176,-0.6153368769688689,-0.4627012875735559,1.8442773222619213,1.0302287865486937,-0.5749865990763547,0.0,1.0,1.0,0.0,1.0,0.0,1.0,0.0,1.0,0.0,1.0,0.0,0.0,127.0,10.0,2.0
83,-0.9656147127028083,-0.5673885563905405,0.5143358313884256,-0.94282728377732,-0.21471015983713246,0.3317489246797632,-0.9248675756859578,-0.8258591716457249,1.7050118902772164,0.5622487986943389,0.0,1.0,1.0,0.0,1.0,0.0,1.0,0.0,1.0,0.0,1.0,0.0,0.0,84.0,11.2,3.0
243,0.5141920920146815,0.038196209439216464,-0.690444185588702,0.5209017980937651,-0.2762815031949498,2.1925096818134935,1.7389131772146882,0.18967490862484013,-0.3288903348607508,-0.5046229800221326,1.0,0.0,1.0,0.0,1.0,0.0,1.0,0.0,0.0,1.0,1.0,0.0,0.0,244.0,9.6,3.0
48,-0.6768249189562664,0.10953611880168986,0.6426977229901992,-0.3613309219140362,-0.829456511481391,-0.3949407384710451,0.11223776757048301,-0.20839486102156196,-1.1817050167930667,1.0784256871524822,0.0,1.0,1.0,0.0,1.0,0.0,0.0,1.0,1.0,0.0,1.0,0.0,0.0,49.0,11.0,4.0
159,-0.8089225351629792,-0.9287331827920663,0.21078218587342848,-1.4067540049226401,-1.1584201186618248,-0.8499954374949056,0.006511234813446929,-0.30991509173805837,0.6107690193660983,0.7117382987982147,0.0,1.0,1.0,0.0,1.0,0.0,1.0,0.0,1.0,0.0,1.0,0.0,0.0,160.0,10.5,3.0
193,-0.31269249651189596,-0.3485992107896473,1.6352862021073253,-0.5033299214372525,-0.529675173357569,0.12104279004973323,-1.3767530273633881,0.8371179435974948,0.3302607278547561,-0.5465756283638952,1.0,0.0,1.0,0.0,1.0,0.0,1.0,0.0,1.0,0.0,1.0,0.0,0.0,194.0,9.1,2.0
103,-0.5066391549374676,-0.2781824173627008,0.2545019848790647,-1.1808444004961502,0.31928489057896414,0.17466040352657897,-1.4588124284539368,0.9568925495107602,0.8834612903709325,-0.6803992661123028,1.0,0.0,1.0,0.0,1.0,0.0,1.0,0.0,1.0,0.0,1.0,0.0,0.0,104.0,11.1,2.0
248,-0.4059193480286987,-0.7280647858950797,-0.7369362753767272,-0.8044232766021018,-0.05449382174772241,0.9125097403683182,-0.9960118080975966,-0.6517360104297104,-0.24812478962683493,-0.1990059025451145,1.0,0.0,1.0,0.0,1.0,0.0,1.0,0.0,0.0,1.0,1.0,0.0,0.0,249.0,10.6,4.0
55,-0.5066391549374676,0.9152387859720489,0.6000231736631484,0.09880143152318814,4.4707894072999785,-0.43839918520666826,2.813852145047929,1.1012852609201376,-0.1925441993583337,-1.591940036727944,0.0,1.0,1.0,0.0,1.0,0.0,0.0,1.0,0.0,1.0,1.0,0.0,0.0,56.0,10.6,2.0
168,-0.4059193480286987,0.4006027470585136,1.473853678709159,-0.21284743256095992,-0.18186796094899188,0.40830650809914687,0.3279517457417658,0.443345007526112,-0.7440078684286194,-1.4103222426408193,0.0,1.0,1.0,0.0,1.0,0.0,1.0,0.0,1.0,0.0,1.0,0.0,0.0,169.0,10.1,3.0
219,0.4861005016693449,0.5077543968009458,-0.690444185588702,0.20754221564494177,0.6777756137756658,1.413447958967493,-0.10598106073558035,-0.2645478730955966,-0.7240335938008768,1.3187240842999204,1.0,0.0,1.0,0.0,1.0,0.0,1.0,0.0,0.0,1.0,1.0,0.0,0.0,220.0,10.6,2.0
162,-1.059021832901153,-0.7990551308602339,1.1876201558447845,-1.1808444004961502,-0.8929497690444278,-1.0648674929655682,-1.068675648815974,1.0385110721074091,-0.011907280985704672,0.3360231253577451,1.0,0.0,1.0,0.0,1.0,0.0,1.0,0.0,1.0,0.0,1.0,0.0,0.0,163.0,9.9,3.0
250,-0.8833213878032712,-0.8471463360960851,0.18887699637260655,-0.6979379564547462,-0.8316779343301818,-0.6957574997850708,0.02498184328559831,-0.03264158198271123,-0.5312384213070132,0.6732374506364704,1.0,0.0,1.0,0.0,1.0,0.0,1.0,0.0,1.0,0.0,1.0,0.0,0.0,251.0,9.9,2.0
268,0.4287857607728526,0.1915468969634331,-0.054112185770145246,0.7707103979036356,-0.15028399761892822,1.0984843226669188,-1.7200313932532172,-1.2232739084856519,-0.6128724132638743,-0.4799293325804621,0.0,1.0,1.0,0.0,1.0,0.0,1.0,0.0,1.0,0.0,1.0,0.0,0.0,269.0,10.1,2.0
310,-0.10382782616590353,-0.6891956092803484,-0.8303583785725477,-0.18123332161087047,-0.46154590766413056,-0.030368565662337785,-0.6104865652871311,0.8278093088560333,-1.0679384960872282,-1.167103091494904,1.0,0.0,1.0,0.0,1.0,0.0,1.0,0.0,1.0,0.0,1.0,0.0,0.0,311.0,10.5,2.0
241,-0.1433022617642205,0.0641117042004355,-1.282413709441557,0.07085211226181465,-0.056692802342426046,1.2228933009568506,0.5799908533747027,0.26184552205362044,-0.22467672810731099,1.410064027525024,1.0,0.0,1.0,0.0,1.0,0.0,0.0,1.0,1.0,0.0,1.0,0.0,0.0,242.0,9.9,3.0
70,-0.4552287163616672,-0.6050450807602896,0.10095136137270329,-0.029623932485221934,0.37719180793722673,0.039359474967406494,-0.8782367376679773,1.4912201101857865,1.847437152840251,-0.11510060586158911,0.0,1.0,1.0,0.0,1.0,0.0,0.0,1.0,1.0,0.0,1.0,0.0,0.0,71.0,11.5,4.0
247,-0.6768249189562664,-0.13399394606560278,-0.03186591797349402,-0.7186777220572927,-0.3015964253174982,-1.0648674929655682,0.4807376959241228,1.1546142167173028,-0.24638789618094428,0.5221548119879706,0.0,1.0,1.0,0.0,1.0,0.0,0.0,1.0,1.0,0.0,1.0,0.0,0.0,248.0,10.0,3.0
221,0.6756657354714637,0.17895923526912394,-0.3235878823674409,1.5810010123213167,0.4435252051248208,0.7970334046956874,0.29332372401250717,-0.13078328737407308,-1.2781026030399985,-0.36548888045831196,0.0,1.0,1.0,0.0,1.0,0.0,0.0,1.0,1.0,0.0,1.0,0.0,0.0,222.0,12.4,3.0
151,0.009012487263550186,1.3750830529265967,-1.1860689963712283,1.7170648400302182,0.4230053009461764,-0.07203589386537433,0.13422524144985037,0.8649610424733245,-0.7961146718053393,1.9307548085262685,1.0,0.0,0.0,1.0,1.0,0.0,0.0,1.0,1.0,0.0,1.0,0.0,0.0,152.0,10.9,3.0
141,-0.5604445827905654,0.12826698338698422,-0.0987002675948679,-1.1808444004961502,-0.7835414498151612,0.27999157777303607,-0.6104865652871311,0.322983433430066,0.3042073261663961,0.5521589212450541,0.0,1.0,1.0,0.0,1.0,0.0,0.0,1.0,1.0,0.0,1.0,0.0,0.0,142.0,9.9,2.0
7,-1.059021832901153,-0.44196291624499473,1.0218502511058103,-0.4668243227870084,1.6074517039135092,-2.1711022264745354,1.1529790915496017,1.1722945744987205,0.3450243221448267,0.29327390774367046,0.0,1.0,1.0,0.0,1.0,0.0,1.0,0.0,1.0,0.0,1.0,0.0,0.0,8.0,11.0,3.0
253,0.2781083664921348,-0.8471463360960851,0.4928428735311689,0.5209017980937651,-0.38635455538586166,-0.15850193229300252,-0.5464557263431915,0.12706622037484366,-1.156520061827652,-0.9868129128616328,1.0,0.0,1.0,0.0,1.0,0.0,0.0,1.0,0.0,1.0,1.0,0.0,0.0,254.0,10.0,3.0
225,-0.8833213878032712,-0.8795610441234012,0.38494562433530904,-0.7186777220572927,-0.6159615732582474,-0.8499954374949056,-0.280476984675409,-0.23078305922113637,-0.07877767865249523,0.6461540953778642,0.0,1.0,1.0,0.0,1.0,0.0,0.0,1.0,1.0,0.0,1.0,0.0,0.0,226.0,9.6,3.0
183,1.993333936744166,1.8015120960336581,0.05680382362382109,2.5857948210997734,0.5041950616471514,0.7970334046956874,0.3794232594781311,1.9870694459642366,-0.9506981884896084,-1.205072893475107,0.0,1.0,1.0,0.0,1.0,0.0,0.0,1.0,1.0,0.0,1.0,0.0,0.0,184.0,9.8,3.0
133,-0.7405057292288099,1.3347742267487102,0.3198570933747108,-0.8044232766021018,-0.20841538870827975,0.147933333234369,-0.2607251563442885,1.6329154996831707,0.9381734339164884,-0.7465145157141946,0.0,1.0,1.0,0.0,1.0,0.0,1.0,0.0,1.0,0.0,1.0,0.0,0.0,134.0,10.7,2.0
184,-0.6768249189562664,-0.6202097641777982,0.03468341986477024,-0.6572220543502305,-0.38978736001919345,-0.8848541415032556,-0.48347192478725687,-0.6885079183148484,0.39799957224449195,-0.16209819292799416,1.0,0.0,1.0,0.0,1.0,0.0,1.0,0.0,1.0,0.0,1.0,0.0,0.0,185.0,10.5,3.0
142,0.21445413976256578,-0.08029939303489947,0.1669414462050653,0.07085211226181465,-0.10187511208694895,0.27999157777303607,-0.3003240041948529,0.26184552205362044,-1.1139661724033307,-0.3811547428137803,0.0,1.0,1.0,0.0,1.0,0.0,0.0,1.0,1.0,0.0,1.0,0.0,0.0,143.0,11.0,4.0
4,0.3698555713058836,-0.44923365198137283,0.012531750470554317,0.7707103979036356,-0.8372459110027346,-0.10035210740719547,-0.9721329343875244,-1.4368466793804817,-0.4904214253285825,-1.1567476909548486,0.0,1.0,1.0,0.0,1.0,0.0,0.0,1.0,0.0,1.0,1.0,0.0,0.0,5.0,10.9,3.0
169,-0.4552287163616672,0.2910602149595046,0.18887699637260655,-0.8720006745614564,-0.08919193318665783,-0.5830403097607475,-1.4866793809461398,0.1165625274454542,0.5412932815304717,-0.13289065294322266,1.0,0.0,1.0,0.0,1.0,0.0,1.0,0.0,1.0,0.0,1.0,0.0,0.0,170.0,9.0,3.0
51,1.0374299564168468,1.5140402549241623,0.38494562433530904,0.9301336426878106,1.7869354411676321,1.354044456781615,-0.5043533410898392,1.0744564081166976,0.27554858430920015,0.049258187325443174,1.0,0.0,0.0,1.0,1.0,0.0,1.0,0.0,1.0,0.0,1.0,0.0,0.0,52.0,10.6,1.0
36,1.274541858882848,-0.06697714666572792,-1.1860689963712283,0.8460986913207454,2.4775751709333327,0.9921921162056474,-0.012037145673679637,-1.9696341925691248,-1.6029016774215525,1.1341855362143187,1.0,0.0,1.0,0.0,0.0,1.0,0.0,1.0,1.0,0.0,0.0,0.0,1.0,37.0,12.0,4.0
124,-0.4059193480286987,-0.18835558892001453,-0.03186591797349402,-0.08904561645355506,-0.36418710536087556,0.4836257185115614,0.3279517457417658,-0.15284118550743114,0.3467612155907174,-0.27653864505014425,0.0,1.0,1.0,0.0,1.0,0.0,0.0,1.0,1.0,0.0,1.0,0.0,0.0,125.0,10.0,4.0
35,-1.059021832901153,-1.3216059722614368,-0.30095072742204726,-1.2406714276856605,-0.9691242132271031,-0.9556783911827313,-0.44203968483558065,0.6000809691525146,1.3393958199172318,0.6185396939377166,0.0,1.0,1.0,0.0,1.0,0.0,1.0,0.0,1.0,0.0,1.0,0.0,0.0,36.0,10.6,2.0
198,-0.06532851974451888,0.3033547204268154,-0.21073427801347253,-0.4668243227870084,-0.1756689511094193,1.047759004394155,1.2259347653034804,0.7622560243569375,-0.4139981137093933,-0.9034386623596488,1.0,0.0,1.0,0.0,1.0,0.0,1.0,0.0,1.0,0.0,1.0,0.0,0.0,199.0,10.2,3.0
278,-0.8833213878032712,-1.0891048051520362,0.5358002271375861,-0.7396851307508354,-0.5899147793326377,-1.3043573582206618,-1.3767530273633881,0.2924963606356723,-0.5520811426577011,0.5935805234052755,0.0,1.0,1.0,0.0,1.0,0.0,1.0,0.0,1.0,0.0,1.0,0.0,0.0,279.0,9.8,2.0
107,-0.9656147127028083,-1.7702493120637066,-0.054112185770145246,-1.3712725586287398,-0.4508738910100508,-1.5021183719484226,-0.697583793963554,0.8184867702306214,0.44663258872943057,0.03146814024380963,1.0,0.0,1.0,0.0,1.0,0.0,1.0,0.0,1.0,0.0,1.0,0.0,0.0,108.0,10.3,2.0
21,0.3698555713058836,-0.5078750369600585,0.2326571404248752,3.268741926065536,-0.19042086412855058,0.039359474967406494,-1.4038563240658648,-0.9283920655299188,-1.2121006520961533,0.6055290624899548,1.0,0.0,1.0,0.0,1.0,0.0,1.0,0.0,0.0,1.0,1.0,0.0,0.0,22.0,11.6,4.0
121,-0.8089225351629792,-0.3132431200517577,1.2904020220004822,-0.94282728377732,-0.7431403929531147,-1.1021057534219556,-0.675618463017537,0.042470519232735794,1.0667035489123975,0.5240134736233653,1.0,0.0,1.0,0.0,1.0,0.0,1.0,0.0,1.0,0.0,1.0,0.0,0.0,122.0,10.7,3.0
58,-0.6768249189562664,-0.10035822930269817,-0.054112185770145246,-0.5218565601433393,2.711942430286005,0.13615649593955403,0.0981056633880834,0.6959994258395263,0.1348602151920564,-0.9347703870705854,1.0,0.0,1.0,0.0,1.0,0.0,0.0,1.0,0.0,1.0,1.0,0.0,0.0,59.0,10.6,3.0
235,-0.31269249651189596,-0.6430682963622495,0.5786437858301222,-0.21284743256095992,-0.5012080748822995,0.35740950729972454,-0.24106716251892832,0.8834547139251295,-0.13956894925866845,-1.129929858787013,1.0,0.0,1.0,0.0,1.0,0.0,0.0,1.0,0.0,1.0,1.0,0.0,0.0,236.0,9.7,3.0
72,-0.7405057292288099,-1.7168390821921153,0.1669414462050653,-1.2718329738064618,-1.1457056999365351,-1.5021183719484226,-1.3767530273633881,0.13755003871357901,1.8422264725025788,-1.1190434120654165,0.0,1.0,1.0,0.0,1.0,0.0,1.0,0.0,1.0,0.0,1.0,0.0,0.0,73.0,11.0,1.0
86,-0.5066391549374676,0.005592688588324764,1.834979553507209,-0.08904561645355506,0.15829868254491825,1.5165908128268626,-0.9721329343875244,1.7960515115203708,-1.624612845495186,-1.236935664367585,1.0,0.0,1.0,0.0,1.0,0.0,1.0,0.0,1.0,0.0,1.0,0.0,0.0,87.0,10.7,3.0
274,-0.0277354603667657,1.3043592213306345,0.5358002271375861,-0.05914182251175486,0.5670513467661883,-0.5080884324696098,-0.0870285248539363,0.5807130998915182,-0.6250306673851089,-1.1363024129655086,1.0,0.0,1.0,0.0,1.0,0.0,1.0,0.0,1.0,0.0,1.0,0.0,0.0,275.0,9.5,4.0
300,-0.5604445827905654,0.3094902118015524,0.10095136137270329,-0.5033299214372525,-0.2448692639222933,-0.8939087342189668,-0.3003240041948529,0.443345007526112,-0.6719267904241569,-0.4677152704050122,0.0,1.0,1.0,0.0,1.0,0.0,1.0,0.0,1.0,0.0,1.0,0.0,0.0,301.0,10.5,4.0
227,-0.7405057292288099,-0.9452746251549936,-0.3917010159526196,-0.6774558577048498,-0.8665398011743825,-0.4878143500899873,-0.9248675756859578,-1.033324363535089,-0.08833059260489387,-1.2714536661677696,0.0,1.0,1.0,0.0,1.0,0.0,1.0,0.0,1.0,0.0,1.0,0.0,0.0,228.0,9.6,3.0
95,-0.5604445827905654,0.10953611880168986,0.38494562433530904,-0.8491360085347244,-0.28441345189626044,-0.3644763237225865,0.11223776757048301,0.8556937490685081,1.546954586701166,-0.11510060586158911,1.0,0.0,1.0,0.0,1.0,0.0,1.0,0.0,1.0,0.0,1.0,0.0,0.0,96.0,10.4,3.0
104,-0.5066391549374676,0.72676831566445,1.43325701766626,-0.7396851307508354,0.009091840912342922,0.5577647745161178,-0.32026760459584375,0.947759183714967,0.8886719707086045,-1.5510494807492639,0.0,1.0,1.0,0.0,1.0,0.0,0.0,1.0,1.0,0.0,1.0,0.0,0.0,105.0,10.3,3.0
138,-0.5066391549374676,-0.10706481581486148,-0.48299473395559317,0.9404869617868454,-0.28278448364613185,-0.4566037329143976,0.2759135218991734,-1.350070350438145,0.032383501884507254,-0.3171636779380537,0.0,1.0,1.0,0.0,1.0,0.0,0.0,1.0,1.0,0.0,1.0,0.0,0.0,139.0,11.6,4.0
176,-0.6170145943338932,-0.6050450807602896,1.0426615835106687,-0.5218565601433393,-0.9679013330375028,-1.6795035702810779,0.25843823423720985,0.26184552205362044,0.4692122035260092,0.5256066121679891,0.0,1.0,1.0,0.0,1.0,0.0,1.0,0.0,1.0,0.0,1.0,0.0,0.0,177.0,10.4,2.0
307,-0.9656147127028083,-0.6969377463134427,0.12297875662367802,-1.069570735706665,-0.7027159523488374,-0.5284730027661384,-0.10598106073558035,0.3734383209019259,-0.7952462250823941,1.0813464411509595,1.0,0.0,1.0,0.0,1.0,0.0,0.0,1.0,1.0,0.0,1.0,0.0,0.0,308.0,10.4,2.0
110,0.9224727210082795,1.0762581446911303,1.3925635822875895,-0.05914182251175486,0.49948358166464296,0.8666320391959318,-0.8322155317448069,1.9555769785715853,0.24428450228316823,-0.8612204909271154,1.0,0.0,1.0,0.0,1.0,0.0,1.0,0.0,1.0,0.0,1.0,0.0,0.0,111.0,10.7,3.0
8,0.30916511152810605,1.253310862480172,-1.0189935516903237,-0.029623932485221934,0.4230053009461764,0.4335475371059122,-0.6104865652871311,-0.011074420450197495,0.2877068384304348,-0.7297865609956437,1.0,0.0,1.0,0.0,1.0,0.0,1.0,0.0,0.0,1.0,1.0,0.0,0.0,9.0,11.0,2.0
181,-0.8089225351629792,0.10953611880168986,0.36327886598824644,0.9610963840525625,-0.833902645745216,-2.246782644561591,0.11223776757048301,2.503297794768205,0.4223160804869613,0.6703166966379933,1.0,0.0,1.0,0.0,1.0,0.0,0.0,1.0,1.0,0.0,1.0,0.0,0.0,182.0,9.9,2.0
130,0.18180349098301915,-0.7280647858950797,0.6000231736631484,-0.10414704393753942,-0.9022499945362983,0.3059437719652424,-0.280476984675409,-1.6625598983703247,-1.0583855821348296,1.1607378452913837,0.0,1.0,1.0,0.0,1.0,0.0,0.0,1.0,0.0,1.0,1.0,0.0,0.0,131.0,13.2,4.0
153,0.044969879114680505,-1.3588976684259828,-2.310042767827001,1.5636601563308696,-0.45620231973392755,0.039359474967406494,-0.9014744360227909,-1.8697876430104003,-1.6749827554260153,1.8760570518275146,1.0,0.0,0.0,1.0,1.0,0.0,1.0,0.0,0.0,1.0,0.0,0.0,1.0,154.0,14.1,3.0
197,-0.7405057292288099,-0.39860851170264744,-1.4525914562233044,-0.7396851307508354,0.04305827134508713,0.38292792274515475,-0.5676804269203548,1.2425463904046377,0.25036362934378553,-1.3805836564745066,0.0,1.0,1.0,0.0,1.0,0.0,1.0,0.0,0.0,1.0,1.0,0.0,0.0,198.0,9.6,2.0
29,0.4287857607728526,-0.5899390621549959,-2.362205676696022,1.0722282278626754,2.596151519924213,0.045738831892460675,0.6773036481140995,-1.6163437784284538,-1.51779389857291,-0.8386510282116101,0.0,1.0,1.0,0.0,1.0,0.0,0.0,1.0,0.0,1.0,1.0,0.0,0.0,30.0,11.0,4.0
293,1.1692258000490703,3.1778107891080762,-1.0427443736995534,0.09880143152318814,0.9095294459605364,1.169122966268336,0.25843823423720985,0.4829195916427169,-0.6658476633635395,1.018682991729086,1.0,0.0,0.0,1.0,1.0,0.0,0.0,1.0,1.0,0.0,1.0,0.0,0.0,294.0,10.9,4.0
172,0.24654653435562,-0.7752417452364152,-0.23323885683024725,-0.07404453401431094,-0.1694876908704512,-0.5510258248510321,-0.6537819643257423,2.1579369880918593,0.5108976462273851,-1.9161437305589075,1.0,0.0,1.0,0.0,1.0,0.0,0.0,1.0,0.0,1.0,1.0,0.0,0.0,173.0,9.8,2.0
170,-0.8833213878032712,0.10953611880168986,2.071639468285969,-0.8952254805493493,-0.7160785699541837,-0.8848541415032556,0.11223776757048301,1.065488769794572,0.4388165682229226,0.2555696288542382,1.0,0.0,1.0,0.0,1.0,0.0,1.0,0.0,1.0,0.0,1.0,0.0,0.0,171.0,10.1,3.0
259,0.9458694664100052,-0.8070269578508856,0.1449754087798096,1.2277118808191503,-0.4001223258952602,-0.38804066401923926,0.1700592758132564,-0.04345764364259983,-0.35841752344089206,2.3752404624763366,0.0,1.0,0.0,1.0,1.0,0.0,0.0,1.0,1.0,0.0,1.0,0.0,0.0,260.0,10.9,4.0
179,0.7270670557555635,0.8051832289040173,1.7952238833433884,-0.6174645764185333,-0.00162408862511087,1.7569105341175129,-0.8782367376679773,-0.9025403543187541,0.42926365427052393,-0.7239450529986894,0.0,1.0,1.0,0.0,1.0,0.0,1.0,0.0,1.0,0.0,1.0,0.0,0.0,180.0,10.4,3.0
214,1.0148333674752479,4.174155880015053,0.7065006294129887,0.7488336778980805,-0.32889565705548635,1.3083910187893113,0.6612148177431036,-0.40188139423463914,-0.8586428358574032,-0.8596273523824914,0.0,1.0,1.0,0.0,1.0,0.0,1.0,0.0,1.0,0.0,1.0,0.0,0.0,215.0,10.7,3.0
210,-0.4059193480286987,0.10953611880168986,0.5143358313884256,-0.9921008446954419,-0.2649504563652972,-0.33424899694321414,0.11223776757048301,-1.7726781789287573,0.10967526022664179,0.27946670702359666,0.0,1.0,1.0,0.0,1.0,0.0,1.0,0.0,1.0,0.0,1.0,0.0,0.0,211.0,10.3,3.0
279,-0.2684144759649778,-0.1272461512123786,0.36327886598824644,-0.18123332161087047,0.6030964681649267,0.3984989807328062,0.3794232594781311,0.3331098495208706,-0.5703185238395531,-0.37610980408913797,1.0,0.0,1.0,0.0,1.0,0.0,1.0,0.0,1.0,0.0,1.0,0.0,0.0,280.0,9.6,3.0
113,0.30916511152810605,-0.5974847808877445,1.6352862021073253,1.4130350414842552,-0.4704859289406011,-0.1575724635157256,-0.8322155317448069,0.16888336484456332,1.15181132776104,0.27096996811893587,0.0,1.0,0.0,1.0,1.0,0.0,1.0,0.0,1.0,0.0,1.0,0.0,0.0,114.0,11.7,3.0
211,-0.4552287163616672,-0.8070269578508856,0.9801493969805034,-1.4820741317384025,-0.4402619998288268,-0.33424899694321414,-0.3806923073848936,-0.3213200483949927,0.09317477249068049,-0.26857295232702477,0.0,1.0,1.0,0.0,1.0,0.0,1.0,0.0,1.0,0.0,1.0,0.0,0.0,212.0,9.9,3.0
68,3.2671352029812235,1.6976517048435202,-0.14341666124221206,0.9404869617868454,0.9818421861503452,1.475556696649851,1.079051842373265,-0.27585212151521127,-0.7804826307923234,-0.06730644952287214,1.0,0.0,1.0,0.0,1.0,0.0,0.0,1.0,0.0,1.0,0.0,1.0,0.0,69.0,12.4,3.0
9,2.2502116743353273,-1.0718712880023777,-1.8494540739114804,0.7378371338540682,-0.583225144137792,0.4836257185115614,0.4303461843414434,0.5124270973907384,-1.7522745137681497,1.9907630270404353,0.0,1.0,1.0,0.0,0.0,1.0,1.0,0.0,0.0,1.0,0.0,0.0,1.0,10.0,11.5,4.0
165,0.9690582283604569,4.842611689172455,-0.5978911608947576,0.0425758670264327,0.22443134125302533,4.090435396037054,-0.20202741022937643,-0.4368068749464278,0.5664782364958864,-0.8415717822100873,0.0,1.0,1.0,0.0,1.0,0.0,0.0,1.0,1.0,0.0,1.0,0.0,0.0,166.0,9.5,2.0
13,-0.6768249189562664,0.10953611880168986,-3.087607330258212,-0.6372277295977983,-0.7749489839451316,-0.9626133602901435,0.11223776757048301,-1.1544621990412585,-0.7396656348138928,0.6002186006745417,0.0,1.0,0.0,1.0,0.0,1.0,0.0,1.0,1.0,0.0,0.0,0.0,1.0,14.0,11.0,4.0
252,1.274541858882848,-0.7202590572124045,-1.1381367060682623,2.735091947475572,-0.5222860145221472,0.6548734533115779,0.612638419044407,-2.0551063909551432,-0.2637568306398509,2.754938482278366,1.0,0.0,0.0,1.0,0.0,1.0,0.0,1.0,0.0,1.0,1.0,0.0,0.0,253.0,11.2,4.0
90,0.8021601267702925,-0.1272461512123786,-0.1210423561824863,0.3874517944978674,0.5323013384969356,1.8735338449691934,-1.3767530273633881,1.6576258349560893,-1.397079804083509,-0.42921442224326795,0.0,1.0,1.0,0.0,1.0,0.0,0.0,1.0,0.0,1.0,0.0,1.0,0.0,91.0,11.9,4.0
173,-0.8833213878032712,0.10953611880168986,0.7065006294129887,-0.2775242169862376,-0.8461980017755988,-0.7813292322065695,0.11223776757048301,0.6000809691525146,0.4996078388290958,0.5367585819803564,1.0,0.0,1.0,0.0,1.0,0.0,1.0,0.0,1.0,0.0,1.0,0.0,0.0,174.0,9.7,1.0
218,-0.2684144759649778,-0.9452746251549936,1.3721803572383846,-0.21284743256095992,-0.5661394270817461,0.27999157777303607,-0.675618463017537,-0.8896698960311935,0.07667428475471919,-0.7098723291878449,0.0,1.0,1.0,0.0,1.0,0.0,1.0,0.0,1.0,0.0,1.0,0.0,0.0,219.0,9.6,3.0
239,-0.9656147127028083,-0.8070269578508856,0.4281914802310146,-1.069570735706665,-1.22417403341648,-1.4595342687444286,0.3623279172851999,0.7433983228036831,-0.206439346925459,0.5864113999544679,1.0,0.0,1.0,0.0,1.0,0.0,1.0,0.0,1.0,0.0,1.0,0.0,0.0,240.0,10.1,3.0
303,-0.8833213878032712,-0.9122677942462778,0.8754365443174759,-1.123941127767542,-0.8461980017755988,-1.6325750218356565,-0.9014744360227909,-0.06515538560147538,-0.7283758274156035,-1.406073873188489,1.0,0.0,1.0,0.0,1.0,0.0,1.0,0.0,1.0,0.0,1.0,0.0,0.0,304.0,10.8,3.0
280,3.001136766894028,-1.2939209634986526,-3.5666855897197793,1.5199677923239137,-0.7997819834364526,2.921035253022392,1.7122856210960893,-2.7285422303698286,-1.760958980997603,1.5372495880041652,1.0,0.0,1.0,0.0,0.0,1.0,1.0,0.0,1.0,0.0,0.0,0.0,1.0,281.0,12.9,4.0
296,-0.4552287163616672,-0.47844771954076276,-0.21073427801347253,0.26021220853448906,-0.38121666044344427,-0.8713177685326777,-0.5464557263431915,-0.3902935280766621,-1.3336831933084998,0.5773836148682658,1.0,0.0,0.0,1.0,1.0,0.0,0.0,1.0,1.0,0.0,1.0,0.0,0.0,297.0,11.3,4.0
22,2.93553642900653,0.3217378211845643,-1.3550987391863492,3.811331955529669,2.1667861110627347,1.6275045062970526,1.1822758050330509,-0.4251378789930283,-1.567295361780794,0.5755249532328713,0.0,1.0,1.0,0.0,0.0,1.0,0.0,1.0,0.0,1.0,0.0,0.0,1.0,23.0,11.7,4.0
240,0.6495366395657035,-0.18835558892001453,0.21078218587342848,2.228400042034762,-0.40098606665961206,-0.07203589386537433,2.8476876476251443,0.31283911028387784,-1.0696753895331188,-0.8397131205746927,0.0,1.0,1.0,0.0,1.0,0.0,0.0,1.0,0.0,1.0,1.0,0.0,0.0,241.0,9.8,4.0
161,0.30916511152810605,-0.5899390621549959,-0.7602368034208238,0.14013650176059972,-0.6843925040097683,0.147933333234369,-0.3403092097178263,-1.1002031375020809,-1.6350342061705299,0.8519344907251178,0.0,1.0,1.0,0.0,1.0,0.0,0.0,1.0,0.0,1.0,1.0,0.0,0.0,162.0,12.0,4.0
123,-0.8089225351629792,-0.6583826852953945,0.8122888889662032,-1.0432357392618914,-0.8261305114918222,-1.295331760903279,-0.2215016784399603,-0.8132032368548932,0.8686976960808619,0.2770769992066608,1.0,0.0,0.0,1.0,1.0,0.0,0.0,1.0,1.0,0.0,1.0,0.0,0.0,124.0,10.8,4.0
288,0.5419257838595078,0.44851157966776733,1.0010128882359013,1.1215657261920695,-0.5436120189765427,-0.6321189175263484,1.8833475911144262,0.17928879825777624,-1.1026763650050415,1.7010773350096562,1.0,0.0,0.0,1.0,1.0,0.0,0.0,1.0,1.0,0.0,0.0,1.0,0.0,289.0,9.8,2.0
213,-0.6170145943338932,0.37647218797374,-0.21073427801347253,-0.8266152308511673,0.16231603946846015,-0.7813292322065695,1.6452035102630884,-0.17499196023370386,-0.24551944945799895,1.8731362978290373,0.0,1.0,1.0,0.0,1.0,0.0,0.0,1.0,1.0,0.0,1.0,0.0,0.0,214.0,9.9,3.0
230,0.3698555713058836,1.0231057042149079,-3.9759892772934085,0.44890071374724483,0.4072099850009669,1.3083910187893113,-0.5676804269203548,-0.7131823370895907,-0.78482486440705,0.8052024267494835,0.0,1.0,1.0,0.0,1.0,0.0,0.0,1.0,0.0,1.0,1.0,0.0,0.0,231.0,10.7,4.0
53,-0.4059193480286987,-0.3842582837877816,-0.2783469360608133,1.8729459496990783,1.9470786064431025,-0.9045792084797608,0.11620157243047663,0.02111584889081188,-0.5512126959347557,-1.0508039777373595,1.0,0.0,1.0,0.0,0.0,1.0,0.0,1.0,0.0,1.0,0.0,0.0,1.0,54.0,11.0,4.0
76,1.1692258000490703,-0.7124693732438986,-0.2557763611992087,1.3307955255019002,0.13067152794676956,0.84353819090025,-0.5464557263431915,-1.4957651978275868,-1.5134516649581835,-0.020043339365696453,0.0,1.0,1.0,0.0,1.0,0.0,0.0,1.0,0.0,1.0,0.0,1.0,0.0,77.0,12.1,3.0
18,-0.7405057292288099,-0.7831626333978928,0.07889309376338245,-0.7186777220572927,0.17233126503593277,-0.4878143500899873,0.07993663866826801,-0.483759056132679,1.8787012348662828,-0.045799079170449494,1.0,0.0,1.0,0.0,1.0,0.0,0.0,1.0,1.0,0.0,0.0,1.0,0.0,19.0,11.0,3.0
115,0.24654653435562,0.6928001434174573,0.2326571404248752,-0.10414704393753942,-0.03116865343487388,-0.21560457753715756,3.4939956367023695,1.7231017934886912,1.1005729711072654,1.0704599944293627,1.0,0.0,1.0,0.0,1.0,0.0,1.0,0.0,0.0,1.0,0.0,1.0,0.0,116.0,9.9,3.0
43,0.3397402691201669,-0.3062075858770229,0.05680382362382109,0.6370450431885786,-0.4803697398218818,0.01178369884914499,-1.543229039487914,-0.6031440294118893,1.180470069618236,-1.2074626012920429,0.0,1.0,1.0,0.0,1.0,0.0,0.0,1.0,0.0,1.0,0.0,0.0,1.0,44.0,11.7,3.0
171,-0.4059193480286987,-1.0291607681428936,-0.41447311802485937,-0.24493702373322965,-0.4785687681186032,-0.5192861576399551,0.13422524144985037,-0.3902935280766621,0.20173061285884697,-0.015794969913366052,0.0,1.0,1.0,0.0,1.0,0.0,1.0,0.0,0.0,1.0,1.0,0.0,0.0,172.0,9.8,3.0
301,-0.7405057292288099,-0.060330981151846104,0.9174011644323825,-0.6372277295977983,-0.8529475679408766,-1.4364554550752733,-0.280476984675409,0.16888336484456332,-0.6927695117748448,-1.1864862771211615,1.0,0.0,1.0,0.0,1.0,0.0,1.0,0.0,1.0,0.0,1.0,0.0,0.0,302.0,10.6,2.0
277,0.9458694664100052,-0.0404517816804831,0.38494562433530904,0.6256349488884022,0.3387265758522063,1.0556496122257817,1.2114195299303807,-0.41349611534691916,-0.5633709500559904,-1.7000079346715984,0.0,1.0,1.0,0.0,1.0,0.0,1.0,0.0,1.0,0.0,1.0,0.0,0.0,278.0,9.9,4.0
14,-0.6768249189562664,-0.8150159840967511,0.7488978873439385,1.0821525213502026,3.1518742134887967,0.15847107124750356,-0.44203968483558065,0.443345007526112,1.3159477583977077,1.4172331509758316,1.0,0.0,1.0,0.0,1.0,0.0,1.0,0.0,1.0,0.0,1.0,0.0,0.0,15.0,11.0,3.0
117,0.3995311632278337,0.2910602149595046,-0.505904225677917,-0.21284743256095992,-0.6218035440387865,0.3317489246797632,-0.5043533410898392,-0.5074036421283729,0.19044080546055767,-0.11430403658927717,1.0,0.0,1.0,0.0,1.0,0.0,0.0,1.0,1.0,0.0,1.0,0.0,0.0,118.0,10.2,3.0
97,-0.5604445827905654,-0.7515792409530333,0.5358002271375861,-0.05914182251175486,0.16966445477434763,-0.3949407384710451,-0.3403092097178263,0.6097415501370772,1.523506525181642,-2.0510294606703976,1.0,0.0,1.0,0.0,1.0,0.0,1.0,0.0,1.0,0.0,1.0,0.0,0.0,98.0,10.2,1.0
232,-0.6170145943338932,1.001701206133048,-1.0665339094321677,2.9447370661127077,0.6251901319400284,-0.244936055222039,-0.6320720572322679,0.3331098495208706,-0.11872622790798049,-0.7125275600955514,1.0,0.0,1.0,0.0,1.0,0.0,0.0,1.0,0.0,1.0,1.0,0.0,0.0,233.0,9.8,4.0
272,-0.0277354603667657,-0.10706481581486148,-0.14341666124221206,-0.08904561645355506,0.03249612252570433,-0.6111534646943191,-0.049371206902686045,-0.5670197464125085,-0.44352530228953463,-0.25343813615309774,0.0,1.0,1.0,0.0,1.0,0.0,1.0,0.0,0.0,1.0,1.0,0.0,0.0,273.0,9.6,3.0
24,-0.7405057292288099,-0.3132431200517577,1.2288080632509584,-0.6979379564547462,-0.8484444508590704,-0.21560457753715756,-1.1180122120468075,0.72448268627396,1.787514328957023,-0.4809914249435447,0.0,1.0,1.0,0.0,1.0,0.0,1.0,0.0,1.0,0.0,1.0,0.0,0.0,25.0,11.3,2.0
84,-0.06532851974451888,-0.574891032746955,-0.0987002675948679,-0.3613309219140362,0.2793288422128051,-0.5510258248510321,-0.697583793963554,-0.2985355642878763,1.1196787990120627,-0.2730868448701258,0.0,1.0,1.0,0.0,1.0,0.0,0.0,1.0,1.0,0.0,1.0,0.0,0.0,85.0,11.5,4.0
283,-0.4059193480286987,-0.3628260459309502,-0.18826248086407893,-0.08904561645355506,-0.4332203113396436,-0.6532066210051487,1.2404126382374683,-0.011074420450197495,-0.565107843501881,-0.14244948421096607,0.0,1.0,1.0,0.0,1.0,0.0,1.0,0.0,1.0,0.0,1.0,0.0,0.0,284.0,9.5,3.0
269,-0.5604445827905654,0.6356882438473728,0.4713212392409098,0.28615211007522007,-0.3932262350551375,-0.9626133602901435,-0.030664288924276802,-0.2645478730955966,-0.4348408350600813,-2.3038074430840565,1.0,0.0,1.0,0.0,1.0,0.0,0.0,1.0,0.0,1.0,1.0,0.0,0.0,270.0,10.2,3.0
69,-0.8089225351629792,0.10953611880168986,2.305178183135866,-1.1808444004961502,-0.8428346716795835,-1.3762594206042809,0.11223776757048301,0.13755003871357901,1.206523471306596,0.6174776015746339,1.0,0.0,1.0,0.0,1.0,0.0,1.0,0.0,1.0,0.0,1.0,0.0,0.0,70.0,10.6,2.0
175,0.30916511152810605,0.10953611880168986,0.07889309376338245,-0.05914182251175486,0.11094191729824539,0.35740950729972454,0.11223776757048301,-1.2511170932991742,-0.5008427860039265,-0.8168781347684169,1.0,0.0,1.0,0.0,1.0,0.0,0.0,1.0,0.0,1.0,1.0,0.0,0.0,176.0,10.1,4.0
33,-0.6768249189562664,0.12826698338698422,0.38494562433530904,-0.7609708196482854,0.1448604803151152,0.84353819090025,-1.168102135984176,0.22071836903346503,1.6190356647056285,0.19662350270315387,1.0,0.0,1.0,0.0,1.0,0.0,1.0,0.0,1.0,0.0,1.0,0.0,0.0,34.0,10.5,2.0
270,-0.5604445827905654,-0.15430005267761834,-0.054112185770145246,0.18079565763099403,-0.5482817991601312,-0.13995250696316885,0.9738449830425671,0.3834766027533479,-0.433972388337136,0.04262011005617693,0.0,1.0,1.0,0.0,1.0,0.0,0.0,1.0,1.0,0.0,1.0,0.0,0.0,271.0,9.7,3.0
78,-0.6768249189562664,-0.1951989514401621,1.5143542525761642,-1.4067540049226401,0.004097184424879491,0.84353819090025,-1.0200594433985133,1.624659442581246,1.4227667053199835,-0.3410607561074122,1.0,0.0,1.0,0.0,1.0,0.0,0.0,1.0,1.0,0.0,1.0,0.0,0.0,79.0,10.9,3.0
226,0.009012487263550186,-0.18835558892001453,-0.3917010159526196,1.0722282278626754,-0.021760000525584997,0.9805716554545147,-1.1934406246798117,1.3551506726154137,-0.9289870204159751,0.8649451221728797,1.0,0.0,0.0,1.0,1.0,0.0,1.0,0.0,1.0,0.0,1.0,0.0,0.0,227.0,9.7,2.0
75,2.1875992085782423,0.3156179021606268,-1.0189935516903237,0.3998515655115553,0.3343488974604706,0.606561903822053,1.8963136671508676,-1.033324363535089,-1.7349055793092432,0.18520600980001592,1.0,0.0,1.0,0.0,1.0,0.0,0.0,1.0,0.0,1.0,0.0,1.0,0.0,76.0,11.6,4.0
242,1.4551592971088319,0.7492918803602184,-1.674438682264146,0.726801245804935,0.2562201503190901,1.244392490004298,0.3623279172851999,-0.20839486102156196,-0.988909844299203,1.6928461191957662,0.0,1.0,1.0,0.0,1.0,0.0,0.0,1.0,1.0,0.0,1.0,0.0,0.0,243.0,10.0,4.0
246,1.0598390120712027,5.548974751417963,-1.6248357688160235,0.11265698216751883,1.17230902209356,0.6548734533115779,0.3623279172851999,0.4631656118071486,-1.1608622954423786,-0.8545824136578491,1.0,0.0,1.0,0.0,1.0,0.0,0.0,1.0,1.0,0.0,1.0,0.0,0.0,247.0,10.0,3.0
263,0.3698555713058836,0.07701454510255522,-0.9243736558573713,1.2277118808191503,0.19224262578666665,-0.5080884324696098,0.20561443337887797,0.6673827521591192,-0.4574204498566599,-0.5715347988963363,0.0,1.0,1.0,0.0,1.0,0.0,0.0,1.0,0.0,1.0,1.0,0.0,0.0,264.0,11.2,3.0
10,-0.35847274151531683,-0.5974847808877445,1.3517726771837337,-0.5786008675017738,-0.41398879389050214,-0.7813292322065695,-0.809426200611536,0.06374193454831599,1.4705312750819768,0.35699944952862644,0.0,1.0,1.0,0.0,1.0,0.0,0.0,1.0,0.0,1.0,1.0,0.0,0.0,11.0,12.0,4.0
196,-0.8089225351629792,-0.5449663030681265,0.9592596788037165,-1.0432357392618914,-0.3624922383241545,-0.3042533074300023,-0.32026760459584375,-0.5790311826503254,0.25731120312734823,-0.5242716887391606,1.0,0.0,1.0,0.0,1.0,0.0,1.0,0.0,1.0,0.0,1.0,0.0,0.0,197.0,10.1,2.0
150,-0.6170145943338932,0.7041474555940188,-1.1381367060682623,-0.3785204468870511,-0.7824647900385605,-0.6479231168868395,0.9281202830241224,0.5026076143988805,0.6958767982147408,0.48577814855239165,1.0,0.0,1.0,0.0,1.0,0.0,1.0,0.0,1.0,0.0,1.0,0.0,0.0,151.0,9.4,2.0
100,-0.6170145943338932,0.3522218720465926,0.1669414462050653,-0.8952254805493493,0.04094959869734815,0.750095987878447,0.8042235678352512,0.7528343821944613,1.3133424182288718,-0.49293996402822393,0.0,1.0,1.0,0.0,1.0,0.0,1.0,0.0,1.0,0.0,1.0,0.0,0.0,101.0,10.4,3.0
40,1.2118152688350747,0.10953611880168986,-0.5978911608947576,0.20754221564494177,-0.319754812446341,0.5577647745161178,0.11223776757048301,-0.2871812967035105,-0.6241622206621636,-1.59034689818332,1.0,0.0,1.0,0.0,1.0,0.0,0.0,1.0,1.0,0.0,1.0,0.0,0.0,41.0,11.7,4.0
275,-0.5604445827905654,-0.9122677942462778,0.7065006294129887,-0.21284743256095992,-0.8722405212346244,0.447331791555871,-0.20202741022937643,-2.089910650692903,-0.5103956999563252,0.007305538983680489,1.0,0.0,1.0,0.0,1.0,0.0,1.0,0.0,1.0,0.0,1.0,0.0,0.0,276.0,10.7,2.0
266,1.1692258000490703,-0.8877100448934305,-2.922829936117136,0.7157255884032181,-0.8952691911456654,-0.2335565158953456,-0.5464557263431915,-0.6517360104297104,-1.6411133332311472,2.024484459568308,1.0,0.0,1.0,0.0,0.0,1.0,0.0,1.0,0.0,1.0,0.0,0.0,1.0,267.0,12.1,4.0
82,-0.4059193480286987,-0.6660627599836425,-0.054112185770145246,-0.5405732305744987,-0.3846404194485709,-0.9556783911827313,-0.3604502787327538,-2.344572065411549,1.7206439312902324,0.5800388457759723,1.0,0.0,1.0,0.0,1.0,0.0,0.0,1.0,1.0,0.0,0.0,1.0,0.0,83.0,12.9,4.0
39,-0.4059193480286987,0.10953611880168986,-0.41447311802485937,0.3245897023538455,3.7404391596479347,-0.2622570178178206,0.11223776757048301,1.0385110721074091,2.082786214758436,-0.3261914630242558,1.0,0.0,1.0,0.0,1.0,0.0,1.0,0.0,1.0,0.0,1.0,0.0,0.0,40.0,11.0,4.0
41,-0.06532851974451888,0.10953611880168986,0.03468341986477024,0.5327269430463035,3.0808392789114456,-1.3105623638020452,0.11223776757048301,0.9110938293295444,2.0706279606372013,-1.5845053901863657,0.0,1.0,1.0,0.0,1.0,0.0,0.0,1.0,0.0,1.0,1.0,0.0,0.0,42.0,11.0,4.0
233,-0.6170145943338932,1.3347742267487102,-0.3917010159526196,-0.0443355717295886,-0.5287498749128483,-0.04391036840378444,0.9738449830425671,0.7055085774973021,-0.25420391668745224,-1.5181246174937033,0.0,1.0,1.0,0.0,1.0,0.0,1.0,0.0,1.0,0.0,1.0,0.0,0.0,234.0,11.2,2.0
23,-0.06532851974451888,0.6814280282839718,1.0218502511058103,0.5562327259595735,2.0365775545449907,1.5603464865326169,1.7256138707045727,-2.5605652282306925,1.745828886255647,-0.534627089279216,1.0,0.0,0.0,1.0,1.0,0.0,0.0,1.0,1.0,0.0,1.0,0.0,0.0,24.0,9.9,2.0
258,0.2781083664921348,-0.4638143190163714,-1.282413709441557,-0.6572220543502305,-0.40877716727382224,0.11146111954133446,0.13422524144985037,-0.344206936225802,-0.3940238390816507,0.9637197119395615,0.0,1.0,1.0,0.0,1.0,0.0,0.0,1.0,1.0,0.0,1.0,0.0,0.0,259.0,9.8,3.0
94,2.93553642900653,0.10953611880168986,-2.1034014205839417,1.1702111511525977,-0.9679013330375028,0.01178369884914499,0.11223776757048301,1.4150146838330315,-1.6836672226554685,-0.3532748182828621,0.0,1.0,1.0,0.0,0.0,1.0,0.0,1.0,0.0,1.0,0.0,0.0,1.0,95.0,11.7,2.0
91,-0.35847274151531683,-1.0206813998147408,-0.9008136068393948,-0.7825461497026154,-0.0037731868082309214,-0.6153368769688689,-1.0200594433985133,-1.3073698104400622,-1.459607968135573,2.587127888911315,1.0,0.0,1.0,0.0,0.0,1.0,1.0,0.0,1.0,0.0,0.0,0.0,1.0,92.0,12.2,4.0
28,-0.7405057292288099,0.16633769004854676,0.5572361743459293,-1.069570735706665,2.0799278439145197,-0.9045792084797608,-0.6537819643257423,1.3207037442316625,2.11926097712214,1.342621162469279,0.0,1.0,1.0,0.0,1.0,0.0,1.0,0.0,1.0,0.0,1.0,0.0,0.0,29.0,10.6,2.0
62,3.56618682609309,2.9118260473548934,-0.9243736558573713,0.19420413020865007,1.9113487889303478,1.8542513936750564,0.25843823423720985,-1.033324363535089,-1.0505695616283215,-0.33017430938581555,0.0,1.0,1.0,0.0,1.0,0.0,1.0,0.0,0.0,1.0,0.0,0.0,1.0,63.0,11.6,3.0
160,0.009012487263550186,0.936983061881509,0.07889309376338245,-1.8253045079397197,-0.5398849438685449,0.039359474967406494,1.0191837999145448,0.17928879825777624,0.6324801874397316,-0.7069515751893678,0.0,1.0,1.0,0.0,1.0,0.0,1.0,0.0,1.0,0.0,1.0,0.0,0.0,161.0,9.6,2.0
32,-0.6768249189562664,-0.9869680089650904,-0.7602368034208238,0.013960947903940086,-0.028269594996312215,1.5165908128268626,-0.10598106073558035,-0.8385501161387008,0.9564108150983404,0.1212149449242893,0.0,1.0,1.0,0.0,1.0,0.0,1.0,0.0,1.0,0.0,1.0,0.0,0.0,33.0,12.0,3.0
135,-0.6768249189562664,-0.5673885563905405,-0.3917010159526196,-0.9921008446954419,0.0033827909896541907,-0.04391036840378444,-1.0442794698024815,-0.5192687699572969,0.8938826510462765,0.57499390705133,1.0,0.0,1.0,0.0,1.0,0.0,1.0,0.0,1.0,0.0,1.0,0.0,0.0,136.0,9.8,2.0
59,-0.6170145943338932,1.464783691825035,-0.2783469360608133,0.013960947903940086,-0.62375530094312,-0.9556783911827313,-1.3232629183116558,-0.2645478730955966,1.9942046490180119,0.8097163192925845,1.0,0.0,1.0,0.0,1.0,0.0,1.0,0.0,1.0,0.0,1.0,0.0,0.0,60.0,10.3,3.0
12,-0.7405057292288099,-0.4347051524142532,0.7065006294129887,-0.6979379564547462,-0.34814425697184254,-0.5830403097607475,0.20561443337887797,-0.08694151049894173,1.3098686313370904,-0.42124872952014847,0.0,1.0,1.0,0.0,1.0,0.0,1.0,0.0,1.0,0.0,1.0,0.0,0.0,13.0,10.6,3.0
290,0.30916511152810605,-0.03384500124127697,-0.783573881380229,0.544503722789767,1.003931095437699,1.3350108100037934,-0.697583793963554,0.5320174116986979,-1.0140947992646177,-0.8856486152780152,1.0,0.0,1.0,0.0,1.0,0.0,1.0,0.0,1.0,0.0,1.0,0.0,0.0,291.0,9.9,4.0
255,-0.5066391549374676,-0.053694727907329286,0.4713212392409098,-0.5405732305744987,-0.6763137425339062,-0.6744187389523073,-0.20202741022937643,-0.10881710726465574,-0.31933742090835215,-1.80276537079984,1.0,0.0,1.0,0.0,1.0,0.0,1.0,0.0,1.0,0.0,1.0,0.0,0.0,256.0,9.7,3.0
305,-0.8089225351629792,-0.7515792409530333,-0.1658233225421785,-0.8952254805493493,-0.4420265159746181,-1.3564724830177914,-1.168102135984176,-0.27585212151521127,-0.7405340815368381,0.6166810323023221,0.0,1.0,1.0,0.0,1.0,0.0,0.0,1.0,1.0,0.0,1.0,0.0,0.0,306.0,10.7,2.0
128,-0.6170145943338932,0.4722932407510718,0.7488978873439385,-0.9188279999744844,-0.49847661829475404,-1.295331760903279,1.752183728366553,0.09158483322052186,1.0163336389815683,1.3171309457552964,1.0,0.0,1.0,0.0,1.0,0.0,0.0,1.0,1.0,0.0,1.0,0.0,0.0,129.0,9.7,3.0
212,-0.8833213878032712,0.3522218720465926,-0.2783469360608133,-1.5646149183804436,-0.38807020091094135,-0.4256479090746625,-1.4038563240658648,1.0204630986028875,0.09491166593657115,0.016598847160653237,1.0,0.0,1.0,0.0,1.0,0.0,1.0,0.0,0.0,1.0,1.0,0.0,0.0,213.0,10.2,3.0
222,2.476582107653771,0.6356882438473728,-2.6528468566629666,0.544503722789767,0.14013986918912988,0.2656963877477053,0.6288827014648024,-0.47197918805732625,-1.5065040911746208,1.0871879491479137,1.0,0.0,1.0,0.0,0.0,1.0,0.0,1.0,1.0,0.0,0.0,0.0,1.0,223.0,11.0,4.0
111,-0.10382782616590353,-0.5375203434465553,0.3198570933747108,0.11265698216751883,-0.7473447048656628,1.2228933009568506,-0.5676804269203548,-1.4368466793804817,1.1952336639083065,0.5261376583495304,0.0,1.0,1.0,0.0,1.0,0.0,0.0,1.0,0.0,1.0,1.0,0.0,0.0,112.0,11.8,4.0
71,-0.8833213878032712,-0.16108982493719162,0.03468341986477024,-0.48498764115449017,-0.2966722196874896,0.06675904263000017,-0.7867806550535916,-0.2985355642878763,1.8370157921649068,-1.701070027034681,0.0,1.0,1.0,0.0,1.0,0.0,1.0,0.0,1.0,0.0,1.0,0.0,0.0,72.0,10.0,3.0
257,-0.5066391549374676,0.43657787310282536,-0.18826248086407893,-0.015005113934028622,-0.5039436072636456,-0.36839377596508377,-1.4038563240658648,0.2000418031971679,-0.3184689741854068,0.14112917673208805,1.0,0.0,1.0,0.0,1.0,0.0,1.0,0.0,1.0,0.0,1.0,0.0,0.0,258.0,9.6,1.0
174,-0.6768249189562664,-0.42022826434738986,0.6000231736631484,0.8673134255566012,-0.7856970147504002,-0.1864848877856453,0.8354726964441226,0.8742146773541714,0.4822389043701892,0.20565128778935599,0.0,1.0,1.0,0.0,1.0,0.0,1.0,0.0,1.0,0.0,1.0,0.0,0.0,175.0,10.1,3.0
87,-0.8089225351629792,-0.32734969169302086,1.1463311733632529,-0.7609708196482854,-0.4776689373248368,-0.7475011140532781,-0.7196802647090573,1.7556155317948718,0.3328660680235921,-0.8378544589392982,0.0,1.0,1.0,0.0,1.0,0.0,1.0,0.0,1.0,0.0,0.0,1.0,0.0,88.0,12.0,3.0
122,0.8266878460725349,0.10953611880168986,-0.6672522854380671,-1.2406714276856605,-0.7098975502531878,0.9805716554545147,0.11223776757048301,-1.9360334688461538,-0.9533035286584444,-0.40850362116315725,1.0,0.0,1.0,0.0,1.0,0.0,0.0,1.0,0.0,1.0,0.0,0.0,1.0,123.0,13.0,4.0
204,0.0801856424039375,0.24156408345643865,0.05680382362382109,0.36248199766738814,-0.08399022369434511,1.7765045169040476,0.11223776757048301,-1.585843023077808,0.010672333810873957,-0.10235549750459792,1.0,0.0,1.0,0.0,0.0,1.0,1.0,0.0,1.0,0.0,1.0,0.0,0.0,205.0,10.3,3.0
114,-0.7405057292288099,-0.2781824173627008,1.4129224400362441,-0.0004773810247870406,-0.03407136538558385,-0.12886294097206225,0.6450746669480157,0.5612824493610084,1.175259389280564,-0.7170414526386525,0.0,1.0,1.0,0.0,1.0,0.0,1.0,0.0,0.0,1.0,1.0,0.0,0.0,115.0,10.3,3.0
101,-0.6170145943338932,-0.6814691287908402,0.9592596788037165,1.0722282278626754,-0.8654023117591817,-1.1779367397672311,-0.697583793963554,-1.5555833917644013,0.8947510977692218,0.6339400332024143,1.0,0.0,1.0,0.0,1.0,0.0,1.0,0.0,1.0,0.0,1.0,0.0,0.0,102.0,10.1,1.0
215,-0.8833213878032712,0.10953611880168986,0.3415827289453144,-1.1808444004961502,-0.6433967598849873,-1.3355145512672255,0.11223776757048301,-1.2932346326420712,0.08622719870711783,0.8856559232529904,1.0,0.0,1.0,0.0,1.0,0.0,1.0,0.0,1.0,0.0,1.0,0.0,0.0,216.0,10.4,3.0
98,-0.1838299037140801,0.7041474555940188,-0.3917010159526196,0.8247420477617011,-0.11688936822085673,-0.1864848877856453,-0.012037145673679637,-0.9413739588982432,1.520901185012806,-0.1517427923879388,0.0,1.0,0.0,1.0,1.0,0.0,1.0,0.0,1.0,0.0,1.0,0.0,0.0,99.0,10.2,2.0
149,-0.5604445827905654,0.10953611880168986,0.2326571404248752,-0.3785204468870511,-0.06919401272805735,0.27999157777303607,0.11223776757048301,-0.20839486102156196,0.7141141793965927,-1.459178491342619,0.0,1.0,1.0,0.0,1.0,0.0,1.0,0.0,0.0,1.0,1.0,0.0,0.0,150.0,10.0,1.0
216,2.059215793051647,1.4845348861963066,-0.48299473395559317,-0.24493702373322965,0.11094191729824539,0.5577647745161178,1.4532841066051208,0.47305088780779514,-1.1104923855115494,-1.3532347781251297,0.0,1.0,1.0,0.0,1.0,0.0,0.0,1.0,1.0,0.0,1.0,0.0,0.0,217.0,10.8,4.0
116,1.1476890559369395,2.983152685014224,-0.9479714917148595,0.3998515655115553,0.48174533152825827,0.84353819090025,0.5306140918551862,1.0023643569395462,-0.8560374956885672,-0.036505770993476745,1.0,0.0,1.0,0.0,1.0,0.0,0.0,1.0,0.0,1.0,1.0,0.0,0.0,117.0,11.0,4.0
194,0.457636788631323,0.018662264394456483,0.8122888889662032,-0.07404453401431094,0.580835372181199,1.5573349243477679,-0.5676804269203548,-1.5405422297493192,0.2269155678242616,-1.9859763034315885,1.0,0.0,1.0,0.0,1.0,0.0,0.0,1.0,1.0,0.0,1.0,0.0,0.0,195.0,11.5,4.0
140,-0.6170145943338932,0.012132198166346099,0.5358002271375861,-0.3442889547014257,-0.705789902429721,0.12104279004973323,-1.3767530273633881,0.8371179435974948,0.8521972083449005,-0.2906113688609887,1.0,0.0,1.0,0.0,1.0,0.0,1.0,0.0,1.0,0.0,1.0,0.0,0.0,141.0,10.6,2.0
148,0.24654653435562,-0.6126200466293221,0.5786437858301222,2.0927000551214143,0.023303987630390703,-0.3042533074300023,-0.12501764457646092,-1.378788423836513,-1.1348088937540188,1.141620182755897,1.0,0.0,0.0,1.0,1.0,0.0,0.0,1.0,0.0,1.0,0.0,1.0,0.0,149.0,9.9,4.0
220,-0.6170145943338932,0.10271194983470142,0.27631684323120076,-0.13465916831304897,0.9280139210246229,-0.4566037329143976,0.612638419044407,0.17928879825777624,-0.01624951460043133,0.6397815411993686,0.0,1.0,1.0,0.0,1.0,0.0,0.0,1.0,1.0,0.0,1.0,0.0,0.0,221.0,9.7,4.0
298,0.044969879114680505,-0.014082912621610176,0.5143358313884256,0.12643490884701647,0.015497943556288956,0.5276104447810915,0.1521775287604374,-0.4368068749464278,-0.6736636838700476,-1.158075306408702,1.0,0.0,1.0,0.0,1.0,0.0,1.0,0.0,1.0,0.0,1.0,0.0,0.0,299.0,10.8,3.0
208,-0.7405057292288099,-0.6507178943833107,1.0426615835106687,-1.4820741317384025,-0.3239045899907994,-0.9200778879853023,-1.3232629183116558,0.5807130998915182,0.12791264140849376,0.25132125940190775,0.0,1.0,1.0,0.0,1.0,0.0,0.0,1.0,0.0,1.0,1.0,0.0,0.0,209.0,9.5,2.0
30,0.7270670557555635,-0.32734969169302086,-0.18826248086407893,0.4367194601560437,3.4261611060925974,1.354044456781615,-0.3403092097178263,-0.6517360104297104,1.5374016727487674,-0.8224541196746005,0.0,1.0,1.0,0.0,1.0,0.0,0.0,1.0,1.0,0.0,1.0,0.0,0.0,31.0,10.3,2.0
47,-0.1433022617642205,-0.5974847808877445,0.38494562433530904,2.023270140087738,3.5590575701132283,1.1033172944093972,0.9890003151182308,-0.4251378789930283,2.0480483458406225,-0.08695515823990023,0.0,1.0,0.0,1.0,1.0,0.0,1.0,0.0,1.0,0.0,1.0,0.0,0.0,48.0,11.0,3.0
287,1.5887104925378623,-0.22957987670379543,0.7911857324491514,0.34991039533352764,-0.8756716463776847,-0.030368565662337785,1.8833475911144262,0.47305088780779514,-0.8699326432556925,-0.10633834386615768,0.0,1.0,1.0,0.0,1.0,0.0,0.0,1.0,1.0,0.0,0.0,1.0,0.0,288.0,9.6,2.0
134,-0.9656147127028083,-0.5673885563905405,0.10095136137270329,0.544503722789767,-0.663269047048764,-0.8848541415032556,0.04337564989295727,1.7799043953284277,0.9390418806394337,-0.6851786817461745,1.0,0.0,1.0,0.0,1.0,0.0,1.0,0.0,1.0,0.0,1.0,0.0,0.0,135.0,11.0,2.0
50,-0.6768249189562664,-0.47112439181636473,0.1669414462050653,-0.4310142600308614,1.4697858047978754,-0.36193209712107993,0.4303461843414434,0.22071836903346503,1.549559926870002,0.19927873361086038,0.0,1.0,1.0,0.0,1.0,0.0,1.0,0.0,1.0,0.0,1.0,0.0,0.0,51.0,10.6,2.0
132,-0.31269249651189596,-0.08697556399714755,0.9174011644323825,-1.4067540049226401,-0.9460736608463174,0.17466040352657897,-0.3806923073848936,-1.033324363535089,0.6316117407167863,1.2231357716224864,0.0,1.0,0.0,1.0,1.0,0.0,1.0,0.0,1.0,0.0,1.0,0.0,0.0,133.0,10.1,4.0
45,0.9690582283604569,0.8273758913484281,-1.6001000406939476,0.9610963840525625,3.877853507067182,0.31161675955447893,0.7885284095028186,2.3475397950172923,0.16265051032630704,-0.41062780588932246,1.0,0.0,1.0,0.0,1.0,0.0,0.0,1.0,1.0,0.0,1.0,0.0,0.0,46.0,12.7,3.0
155,3.903882531502576,0.08988119268867929,-0.00965131751012317,1.5111699391053568,0.5369589711532952,1.287140385489969,1.3831978217844747,-1.2232739084856519,-1.0557802419659936,0.9092874783315782,0.0,1.0,1.0,0.0,1.0,0.0,0.0,1.0,1.0,0.0,1.0,0.0,0.0,156.0,11.5,2.0
137,1.3156257675215077,0.5077543968009458,0.8754365443174759,1.8729459496990783,0.5112476557041213,0.45865322254825797,1.5637088183032015,-0.00032306176309308235,-0.6701898969782663,0.1180286678350415,1.0,0.0,0.0,1.0,1.0,0.0,0.0,1.0,1.0,0.0,1.0,0.0,0.0,138.0,10.5,3.0
66,-0.5066391549374676,0.7380421815115221,0.8333650074531286,0.0425758670264327,0.10889183037492753,2.8206357693160102,1.0939168938754489,0.09549506288485049,0.6081636791972623,0.1217459911058306,0.0,1.0,1.0,0.0,1.0,0.0,1.0,0.0,1.0,0.0,1.0,0.0,0.0,67.0,10.0,3.0
37,0.3397402691201669,0.2477792599425544,0.012531750470554317,0.28615211007522007,-0.3040630065040215,0.3317489246797632,-0.6320720572322679,-0.19723679472070133,1.020675872596295,-1.3001301599709996,0.0,1.0,1.0,0.0,1.0,0.0,0.0,1.0,0.0,1.0,1.0,0.0,0.0,38.0,11.0,4.0
74,2.895723113588617,1.8015120960336581,-2.3883641438202137,1.4039863671652204,0.3003337704882674,1.0254583232896282,5.476465249512909,0.16888336484456332,-0.7622452496104714,-0.6318085405012739,1.0,0.0,1.0,0.0,0.0,1.0,0.0,1.0,0.0,1.0,0.0,1.0,0.0,75.0,11.5,4.0
102,0.0801856424039375,-1.1766085988467316,0.3198570933747108,-0.3785204468870511,-0.272227553692697,0.01178369884914499,-0.32026760459584375,-1.837124840334381,-1.701036157114375,-0.10368311295845117,0.0,1.0,1.0,0.0,0.0,1.0,0.0,1.0,0.0,1.0,0.0,0.0,1.0,103.0,11.1,4.0
245,-0.06532851974451888,0.2725591961455252,0.5358002271375861,-0.2775242169862376,-0.013108936638683977,0.5331794776964971,-2.0789062197030725,-0.7754426287920766,-0.5503442492118105,-1.6567276708759826,1.0,0.0,1.0,0.0,1.0,0.0,0.0,1.0,1.0,0.0,1.0,0.0,0.0,246.0,10.1,4.0
73,1.532157909951601,1.23276446135142,1.0010128882359013,2.015487491298152,-0.5370947093864354,-0.5510258248510321,2.699902455313762,0.27208082764361513,-0.20991313381724033,0.18308182507385073,1.0,0.0,1.0,0.0,1.0,0.0,0.0,1.0,0.0,1.0,1.0,0.0,0.0,74.0,11.0,4.0
106,-0.8089225351629792,-0.97023172331215,1.0842065455617989,-1.522310821756509,-0.8631299710979455,-0.9556783911827313,-0.8551514225936967,0.6482299185400578,1.1457322007004227,1.2111872325378072,0.0,1.0,1.0,0.0,1.0,0.0,1.0,0.0,1.0,0.0,1.0,0.0,0.0,107.0,17.1,1.0
60,-0.8089225351629792,-0.9369943313410991,0.8964321680395237,-0.9672440403435824,-0.9174930447767573,-1.216563340208843,1.138272605698295,-0.4602273340559346,1.8995439562169707,-0.5949008308841535,0.0,1.0,0.0,1.0,1.0,0.0,1.0,0.0,1.0,0.0,1.0,0.0,0.0,61.0,13.0,1.0
17,2.059215793051647,-1.2664722551167296,-1.6993063354131117,3.9747029106349343,-0.5426795233901864,2.283362390460052,1.3122514860140364,0.322983433430066,-1.6827987759325231,0.37797577369950774,1.0,0.0,1.0,0.0,1.0,0.0,0.0,1.0,0.0,1.0,0.0,0.0,1.0,18.0,12.4,4.0
286,1.1259859975106832,0.1852572845072501,-0.14341666124221206,0.8988755291956073,0.09586778796473873,0.02336940544494891,0.5635865240391953,0.06374193454831599,-0.7249020405238221,0.8354720590973376,1.0,0.0,1.0,0.0,1.0,0.0,1.0,0.0,0.0,1.0,1.0,0.0,0.0,287.0,10.1,4.0
