0,1,2,3,4,5,6,7,8,9,10,11,12,13,14,15,16,17,18,19,20,21,22,23,24,25,26,27
-0.9324916346911166,-0.8895114331087424,-1.3395839291088698,0.38741191114145684,-0.13390074297685575,-1.3963761977072273,0.33155625244103104,-0.8977993408838643,-0.682939496066362,-0.288458566285291,0.053210999318523446,0.0,1.0,1.0,0.0,1.0,0.0,0.0,1.0,1.0,0.0,1.0,0.0,0.0,0.0,0.0,0.0,1.0
-0.8471206828014609,-0.10501345004309515,0.031098225450175085,-0.1479816849603568,0.08307306268206247,-0.06334084990310006,-0.2634330839827565,0.4302404499554836,-1.3064826329496508,-0.4875340888317264,-0.13398914286230534,0.0,1.0,1.0,0.0,1.0,0.0,0.0,1.0,1.0,0.0,1.0,0.0,0.0,0.0,0.0,1.0,0.0
-0.9324916346911166,-0.10501345004309515,0.031098225450175085,-0.1479816849603568,0.08307306268206247,-0.06334084990310006,1.441179764527275,-1.002107977999002,1.256972485348314,-1.3152691562616419,0.4276112836801777,0.0,1.0,1.0,0.0,1.0,0.0,0.0,1.0,1.0,0.0,1.0,0.0,0.0,0.0,1.0,0.0,0.0
-0.5495574497650201,-0.10501345004309515,0.031098225450175085,-0.1479816849603568,0.08307306268206247,-0.06334084990310006,0.07604489855949556,1.2895449366659042,0.44867582642553194,-1.2209702245291199,-0.2275892139527189,0.0,1.0,1.0,0.0,1.0,0.0,0.0,1.0,1.0,0.0,1.0,0.0,0.0,0.0,0.0,1.0,0.0
-0.7666308083607687,-0.10501345004309515,0.031098225450175085,-0.1479816849603568,0.08307306268206247,-0.06334084990310006,0.5509529273287099,1.2895449366659042,-0.013207978673199842,0.612620114714364,-0.414789356133546,0.0,1.0,1.0,0.0,1.0,0.0,0.0,1.0,1.0,0.0,1.0,0.0,0.0,0.0,0.0,1.0,0.0
-1.023374098251021,-1.0297586353542807,-2.0509376422022982,-0.46130863137843925,-0.841290652425196,-0.596679138137145,0.3116931789944099,1.0641964524722982,0.7027119192298346,2.708151930992631,-0.6955895694047883,1.0,0.0,1.0,0.0,1.0,0.0,1.0,0.0,1.0,0.0,1.0,0.0,0.0,0.0,1.0,0.0,0.0
-0.04729156229379233,-0.7562215635154421,-0.044448760097874004,-0.4519772819354713,0.09111926680322349,-0.6285563874782238,-0.9821151959605029,-1.193209766798916,-0.7753162570861085,0.832650955423582,-0.2275892139527189,1.0,0.0,1.0,0.0,1.0,0.0,1.0,0.0,1.0,0.0,1.0,0.0,0.0,0.0,1.0,0.0,0.0
-0.3615199535473285,-0.28982173104270176,-1.0261879573054828,-1.0616928007646564,-0.48368746220982245,-1.3136752148975983,-0.5090129011409814,1.479078174531756,0.17154554336629227,0.2878126831912325,-0.8827897115856155,1.0,0.0,1.0,0.0,1.0,0.0,1.0,0.0,1.0,0.0,1.0,0.0,0.0,0.0,0.0,1.0,0.0
-0.19565912721698053,-0.10501345004309515,0.031098225450175085,-0.1479816849603568,0.08307306268206247,-0.06334084990310006,-0.24627861146067462,0.33482026813336513,-2.5766630969711657,-0.9380734293315538,-0.8827897115856155,0.0,1.0,0.0,1.0,1.0,0.0,0.0,1.0,1.0,0.0,1.0,0.0,0.0,0.0,0.0,1.0,0.0
-0.9324916346911166,-1.0659946202124497,-0.30010500031440174,0.2542478067511369,0.7715797692098716,-0.8972710177553,0.6674227670838975,-0.662516700774531,-0.3365266422423128,0.5811871374701899,0.4276112836801777,0.0,1.0,1.0,0.0,1.0,0.0,0.0,1.0,0.0,1.0,0.0,1.0,0.0,0.0,0.0,0.0,1.0
-0.4214519528922605,0.5882788996185505,-0.08385719801389947,0.0013253954950058014,0.5874545217596043,0.6228118547281398,-0.64534581434279,-1.432675209399082,1.6726679099371724,0.41354459216792855,-0.6019894983143748,0.0,1.0,1.0,0.0,1.0,0.0,1.0,0.0,1.0,0.0,1.0,0.0,0.0,0.0,0.0,1.0,0.0
1.385742876456404,-0.10501345004309515,0.031098225450175085,-0.1479816849603568,0.08307306268206247,-0.06334084990310006,-0.4981784974428244,1.0987045730216671,-0.013207978673199842,-0.6970872704595531,0.146811070408937,0.0,1.0,1.0,0.0,1.0,0.0,0.0,1.0,1.0,0.0,1.0,0.0,0.0,0.0,0.0,0.0,1.0
0.086923225871099,-0.09652225342087026,1.1856181834309223,0.23503098236092484,1.1697688277988736,-1.5693372819346902,-0.8376564799850764,0.807476949597448,-0.3365266422423128,1.4508328412256708,-0.9763897826760307,1.0,0.0,0.0,1.0,1.0,0.0,1.0,0.0,1.0,0.0,1.0,0.0,0.0,0.0,1.0,0.0,0.0
-0.24880465832279308,1.8783643785762927,0.3707163444659377,0.47665579610895165,0.7460831298234111,0.9725943345612023,0.688188707505365,-1.6250841239773812,1.6726679099371724,0.8536062735863647,0.24041114149935056,1.0,0.0,0.0,1.0,1.0,0.0,1.0,0.0,1.0,0.0,1.0,0.0,0.0,0.0,1.0,0.0,0.0
-0.8471206828014609,0.3262162157301387,-1.4442121500172962,2.3415581175082956,-1.0703831894672682,-0.6933997272168373,2.3314066017258406,1.2777808046604375,0.6565235387199613,1.4089222049001056,-0.13398914286230534,0.0,1.0,1.0,0.0,1.0,0.0,1.0,0.0,1.0,0.0,1.0,0.0,0.0,0.0,1.0,0.0,0.0
-1.023374098251021,-1.3075839823893027,-0.6451185811864563,-0.048755056778443176,-1.8270521957176749,0.7835858886643431,0.283704302774171,-0.9772725882096835,0.5410525874452785,1.985193454376629,-0.6019894983143748,0.0,1.0,1.0,0.0,1.0,0.0,1.0,0.0,1.0,0.0,1.0,0.0,0.0,0.0,1.0,0.0,0.0
-1.1205291309088083,-0.5477867950728034,-0.5573787254490439,-0.5297940003665378,0.4182011281762066,-0.6607938393492804,0.02187288006871066,-0.029867824036101477,-1.0986349206552215,0.09921481972618844,-0.13398914286230534,1.0,0.0,1.0,0.0,1.0,0.0,0.0,1.0,1.0,0.0,1.0,0.0,0.0,0.0,0.0,1.0,0.0
0.3221670228209951,0.7040247949490517,0.031098225450175085,2.149342462786104,2.3554181496053777,0.7639776730951774,-0.6417343464434044,-0.7093118036407206,0.2639223043860388,0.2039914105401018,-0.13398914286230534,0.0,1.0,1.0,0.0,1.0,0.0,0.0,1.0,0.0,1.0,1.0,0.0,0.0,0.0,0.0,1.0,0.0
1.7168360134029728,-0.10501345004309515,0.031098225450175085,-0.1479816849603568,0.08307306268206247,-0.06334084990310006,-0.40518319903364364,-0.620165825554851,0.3101106848959121,0.3821116149237545,-0.5083894272239612,0.0,1.0,0.0,1.0,1.0,0.0,0.0,1.0,1.0,0.0,1.0,0.0,0.0,0.0,0.0,1.0,0.0
-1.023374098251021,-1.102725873026461,-0.06401018986165231,-1.8200914914859063,-1.8270521957176749,-1.3547260545698843,0.8452875611286412,-0.08502853188395627,0.8181828705045182,0.15160311513314512,0.33401121258976413,1.0,0.0,1.0,0.0,1.0,0.0,1.0,0.0,1.0,0.0,1.0,0.0,0.0,1.0,0.0,0.0,0.0
-0.0011172802476646856,0.44662329757037295,-0.16627612361913185,0.2471942570995025,0.7203267009782149,-3.3739141070052514,-0.4440064789520395,-1.6752777538673722,0.6334293484650251,-0.7389979067851185,-0.6019894983143748,1.0,0.0,1.0,0.0,1.0,0.0,0.0,1.0,1.0,0.0,1.0,0.0,0.0,0.0,0.0,0.0,1.0
-0.9324916346911166,-0.3637084877349588,-0.9867795193894581,0.4862767436896357,-0.9391957771925834,1.7795973754219967,0.8200072858329416,-0.1658089049881607,-0.17486731045775686,2.425255135795065,-0.6955895694047883,0.0,1.0,1.0,0.0,1.0,0.0,1.0,0.0,1.0,0.0,1.0,0.0,0.0,0.0,1.0,0.0,0.0
-0.9324916346911166,-0.10501345004309515,0.031098225450175085,-0.1479816849603568,0.08307306268206247,-0.06334084990310006,1.4447912324266607,0.4302404499554836,1.5110085781526175,0.2563797059470585,-0.6019894983143748,0.0,1.0,1.0,0.0,1.0,0.0,0.0,1.0,1.0,0.0,1.0,0.0,0.0,0.0,1.0,0.0,0.0
-0.4214519528922605,-0.10501345004309515,0.031098225450175085,-0.1479816849603568,0.08307306268206247,-0.06334084990310006,0.6963145102789827,1.0987045730216671,-0.22105569096763014,-0.9275957702501625,-0.13398914286230534,0.0,1.0,1.0,0.0,1.0,0.0,0.0,1.0,1.0,0.0,1.0,0.0,0.0,0.0,0.0,0.0,1.0
0.7272778776344355,-0.10501345004309515,0.031098225450175085,-0.1479816849603568,0.08307306268206247,-0.06334084990310006,-0.895439966375247,1.7669072709321738,-0.706033686321299,-1.4200457470755552,0.33401121258976413,0.0,1.0,1.0,0.0,1.0,0.0,0.0,1.0,1.0,0.0,1.0,0.0,0.0,0.0,0.0,0.0,1.0
1.0841819418447234,1.0352077710440573,1.0963057469359665,3.4551550540049045,0.4821347937548035,1.149855320333453,0.2972473073968672,-0.4484094982750377,-1.514330345244081,2.7500625673181966,1.8316123500363861,1.0,0.0,1.0,0.0,1.0,0.0,0.0,1.0,1.0,0.0,1.0,0.0,0.0,0.0,0.0,1.0,0.0
-0.9324916346911166,1.778970807392548,0.7971325139072474,-0.6252528769990899,-0.36163428777535445,0.10265134574213045,-1.2746440958107415,0.35913280761132954,0.7719944899946449,0.5287988420632332,-1.1635899248568577,1.0,0.0,1.0,0.0,1.0,0.0,1.0,0.0,0.0,1.0,1.0,0.0,0.0,0.0,0.0,1.0,0.0
-0.9324916346911166,-0.10501345004309515,0.031098225450175085,-0.1479816849603568,0.08307306268206247,-0.06334084990310006,-0.7293124430035066,0.048298297511332584,0.17154554336629227,0.31924566043540653,-0.13398914286230534,0.0,1.0,1.0,0.0,1.0,0.0,0.0,1.0,1.0,0.0,1.0,0.0,0.0,0.0,0.0,1.0,0.0
-0.30403485218404475,-0.10501345004309515,0.031098225450175085,-0.1479816849603568,0.08307306268206247,-0.06334084990310006,-0.7717471908212882,-1.0975281598211206,0.7258061094847716,-0.0055617710877249186,0.053210999318523446,0.0,1.0,1.0,0.0,1.0,0.0,0.0,1.0,1.0,0.0,1.0,0.0,0.0,0.0,0.0,1.0,0.0
-0.6904939186355319,-0.10501345004309515,0.031098225450175085,-0.1479816849603568,0.08307306268206247,-0.06334084990310006,-0.33114810709623765,-1.002107977999002,0.009886211581736287,-1.4514787243197294,0.146811070408937,0.0,1.0,1.0,0.0,1.0,0.0,0.0,1.0,1.0,0.0,1.0,0.0,0.0,0.0,0.0,0.0,1.0
0.6435984447879571,0.1772882818112558,0.7107862983875302,-0.1447675816692914,2.218841672490988,2.104890570685351,-0.21377540036620368,-0.5409540033847088,-0.6367511155564887,0.15160311513314512,-1.0699898537664443,1.0,0.0,1.0,0.0,1.0,0.0,1.0,0.0,0.0,1.0,1.0,0.0,0.0,0.0,0.0,1.0,0.0
-0.5495574497650201,0.2602179373487896,-0.9112325338414089,2.224952617660835,-1.2991994620346732,-0.596679138137145,2.3738413495436217,-0.15509047360540218,0.3332048751508493,-0.5504000433200744,-0.13398914286230534,1.0,0.0,1.0,0.0,1.0,0.0,1.0,0.0,1.0,0.0,1.0,0.0,0.0,0.0,1.0,0.0,0.0
0.4596604840249216,-0.2179121166889393,-0.4485609914768365,-2.4366787710350533,-0.7470364907355248,-2.574217047435169,0.04715315536441028,-1.5168541095270878,-0.19796150071269297,-1.6819872241103386,0.70841149695142,0.0,1.0,1.0,0.0,1.0,0.0,0.0,1.0,0.0,1.0,1.0,0.0,0.0,0.0,0.0,0.0,1.0
-0.14444659495158002,0.6403378929593864,0.7107862983875302,3.246700511669004,-0.8605706712923491,1.9533690816565938,-0.5117215020655206,1.457902736921916,1.0260305827989475,-0.44562345250616103,0.24041114149935056,1.0,0.0,0.0,1.0,1.0,0.0,1.0,0.0,1.0,0.0,1.0,0.0,0.0,0.0,0.0,1.0,0.0
-0.8471206828014609,-0.15653186144940143,0.39904020046783645,-0.7807686812371236,-2.469536601102438,-0.10305820783346004,0.947311529286286,0.06738233387575629,0.7950886802495811,-0.02651708925050759,0.6148114258610065,0.0,1.0,1.0,0.0,1.0,0.0,1.0,0.0,0.0,1.0,1.0,0.0,0.0,0.0,0.0,1.0,0.0
0.248034673553994,-0.10501345004309515,0.031098225450175085,-0.1479816849603568,0.08307306268206247,-0.06334084990310006,-1.415491343886782,0.8121826023996347,-0.3365266422423128,-1.189537247284946,0.70841149695142,0.0,1.0,1.0,0.0,1.0,0.0,0.0,1.0,1.0,0.0,1.0,0.0,0.0,0.0,0.0,0.0,1.0
-1.023374098251021,-0.07961992415094861,-0.42266504825830054,-1.3280370605301826,-1.1930390068052739,2.4409237027750463,-0.2823932904545312,0.5552016743691073,-0.40580921300712325,0.24590204686566716,-0.5083894272239612,1.0,0.0,1.0,0.0,1.0,0.0,1.0,0.0,1.0,0.0,1.0,0.0,0.0,0.0,0.0,1.0,0.0
-0.8471206828014609,-0.8109579056178186,0.031098225450175085,2.3574051781762804,-1.7147446197170966,0.2001987669200359,2.2862632529835194,-0.5657893931740273,1.3493492463680605,-0.09986070282024695,-0.13398914286230534,1.0,0.0,0.0,1.0,1.0,0.0,1.0,0.0,1.0,0.0,1.0,0.0,0.0,1.0,0.0,0.0,0.0
-0.5495574497650201,-0.32651119501204173,-0.8396635933067498,0.6924296187340686,1.2550006718330804,0.8030602587156718,1.0222494881985384,0.34187874733664514,1.3724434366229965,0.6545307510399293,-0.6955895694047883,1.0,0.0,1.0,0.0,1.0,0.0,0.0,1.0,1.0,0.0,1.0,0.0,0.0,0.0,0.0,1.0,0.0
-0.8471206828014609,-0.10501345004309515,0.031098225450175085,-0.1479816849603568,0.08307306268206247,-0.06334084990310006,-0.4196290706311863,1.1941247548437857,-0.22105569096763014,1.20984668235367,-0.6019894983143748,0.0,1.0,1.0,0.0,1.0,0.0,0.0,1.0,1.0,0.0,1.0,0.0,0.0,0.0,0.0,0.0,1.0
0.8062624719380753,0.34066496825002673,1.560912515126691,0.8322606017978459,0.990166951723116,0.5811617115907967,-1.2006090038733352,-0.4039672218099414,-0.2672440714775034,-0.16272665730859495,1.5508121367651453,0.0,1.0,1.0,0.0,1.0,0.0,0.0,1.0,1.0,0.0,1.0,0.0,0.0,0.0,0.0,1.0,0.0
-0.5495574497650201,-0.7670800085711071,0.6538953234465045,-0.6601177625682355,0.0072674184442753165,-0.565154130803418,-0.14154604237849047,1.7156679404194746,-0.3365266422423128,0.6440530919585379,-0.6955895694047883,1.0,0.0,1.0,0.0,1.0,0.0,0.0,1.0,0.0,1.0,1.0,0.0,0.0,0.0,0.0,0.0,1.0
-0.24880465832279308,-0.10501345004309515,0.031098225450175085,-0.1479816849603568,0.08307306268206247,-0.06334084990310006,-0.5270702406379096,-0.047121884310785914,-0.036302168928136994,0.22494672870288449,-0.5083894272239612,0.0,1.0,1.0,0.0,1.0,0.0,0.0,1.0,1.0,0.0,1.0,0.0,0.0,0.0,1.0,0.0,0.0
-0.4214519528922605,-0.10501345004309515,0.031098225450175085,-0.1479816849603568,0.08307306268206247,-0.06334084990310006,-0.8457822827586942,0.8121826023996347,-0.8676930181058551,-1.3676574516685986,-1.0699898537664443,0.0,1.0,1.0,0.0,1.0,0.0,0.0,1.0,1.0,0.0,1.0,0.0,0.0,0.0,1.0,0.0,0.0
-0.3615199535473285,-0.629231254941018,-0.5860007492146796,-0.37031544648007503,-0.8897692534483931,-0.9327122702268401,1.6569649715155683,0.3073706267872762,1.5341027684075537,0.02587120615644909,1.1764118524034894,0.0,1.0,1.0,0.0,1.0,0.0,0.0,1.0,0.0,1.0,1.0,0.0,0.0,0.0,0.0,0.0,1.0
-0.5495574497650201,0.0033330037835686984,1.0794173817649526,-0.1550751021934862,-0.4423448066929371,0.5601063825567146,0.161817261169905,-0.35638784347672064,-0.4289034032620594,-1.189537247284946,0.8020115680418336,0.0,1.0,1.0,0.0,1.0,0.0,0.0,1.0,1.0,0.0,1.0,0.0,0.0,0.0,0.0,0.0,1.0
-0.48404845527268925,-0.4687381111557461,0.45397680269680657,-0.31520778838452745,-1.0210102643242547,-0.5339736659657198,-1.258392490263506,0.5243535059992169,-0.1517731202028197,-0.4037128161805957,0.5212113547705929,1.0,0.0,0.0,1.0,1.0,0.0,0.0,1.0,1.0,0.0,1.0,0.0,0.0,0.0,0.0,0.0,1.0
-0.24880465832279308,-0.10501345004309515,0.031098225450175085,-0.1479816849603568,0.08307306268206247,-0.06334084990310006,0.37128239933427326,-1.0975281598211206,0.5872409679551518,-1.158104270040772,-0.32118928504313243,0.0,1.0,1.0,0.0,1.0,0.0,0.0,1.0,1.0,0.0,1.0,0.0,0.0,0.0,0.0,1.0,0.0
-0.9324916346911166,-0.10501345004309515,-1.7475748961097972,0.4492326206792805,-1.1471731136205319,-0.06334084990310006,1.8944189859001754,-0.8308745010305428,1.0029363925440113,2.2890455677369776,0.146811070408937,0.0,1.0,1.0,0.0,1.0,0.0,1.0,0.0,1.0,0.0,1.0,0.0,0.0,0.0,1.0,0.0,0.0
1.0415062688879713,1.279690922124643,0.10266716598483369,0.89724287141168,1.059021631862829,-0.9685993362995516,0.3821168030324303,-0.8920479874589694,1.5802911489174258,2.2157019541672383,-0.04038907177189177,1.0,0.0,1.0,0.0,1.0,0.0,1.0,0.0,1.0,0.0,1.0,0.0,0.0,0.0,0.0,1.0,0.0
-0.04729156229379233,-0.10501345004309515,0.031098225450175085,-0.1479816849603568,0.08307306268206247,-0.06334084990310006,-0.5054014332415957,0.6210808135997207,-0.9831639693805387,-1.8391521103312087,1.2700119234939031,0.0,1.0,1.0,0.0,1.0,0.0,0.0,1.0,1.0,0.0,0.0,1.0,0.0,0.0,0.0,0.0,1.0
0.3221670228209951,0.035810275103982825,0.251123157147269,0.120181566676495,0.44720875975793634,-0.18419118613265734,-1.029967145627363,-0.4193913059948866,0.2408281141311027,0.22494672870288449,0.24041114149935056,0.0,1.0,1.0,0.0,1.0,0.0,0.0,1.0,1.0,0.0,1.0,0.0,0.0,0.0,0.0,0.0,1.0
1.9165597960601954,-0.10501345004309515,0.031098225450175085,-0.1479816849603568,0.08307306268206247,-0.06334084990310006,-1.1753287285776357,-0.23822367311069995,-1.514330345244081,-0.09986070282024695,1.3636119945843166,0.0,1.0,1.0,0.0,1.0,0.0,0.0,1.0,1.0,0.0,1.0,0.0,0.0,0.0,1.0,0.0,0.0
0.8062624719380753,0.9789826764933205,1.0362551561534612,0.21352435786242835,0.10819937903971738,2.5691692991884656,1.4872259802444423,1.605607949879442,1.3724434366229965,1.6394307046907148,0.33401121258976413,1.0,0.0,1.0,0.0,1.0,0.0,1.0,0.0,1.0,0.0,1.0,0.0,0.0,0.0,0.0,1.0,0.0
-0.0011172802476646856,-0.10501345004309515,-0.47495979984381276,-0.3955852743807764,-0.20755563099519683,-0.06334084990310006,1.169416805098504,1.720112168065984,0.933653821779201,-1.2419255426919027,-0.13398914286230534,1.0,0.0,1.0,0.0,0.0,1.0,0.0,1.0,1.0,0.0,1.0,0.0,0.0,0.0,1.0,0.0,0.0
1.1256022642087564,3.648098128593753,0.9171659524970266,-0.22911280245961738,1.475571614008263,1.0089385729984723,-0.7645242550225169,-0.8904794365249072,0.8181828705045182,-0.41419047526198705,-0.04038907177189177,0.0,1.0,1.0,0.0,1.0,0.0,1.0,0.0,1.0,0.0,1.0,0.0,0.0,0.0,0.0,1.0,0.0
2.3099843644341047,-0.10501345004309515,0.031098225450175085,-0.1479816849603568,0.08307306268206247,-0.06334084990310006,-1.0832362971433014,1.4806467254658182,-0.22105569096763014,-1.1057159746338152,0.33401121258976413,0.0,1.0,1.0,0.0,1.0,0.0,0.0,1.0,1.0,0.0,1.0,0.0,0.0,0.0,0.0,0.0,1.0
-0.5495574497650201,-0.10501345004309515,0.031098225450175085,-0.1479816849603568,0.08307306268206247,-0.06334084990310006,-0.7202837732550426,0.33482026813336513,0.44867582642553194,-0.3722798389364217,0.053210999318523446,0.0,1.0,0.0,1.0,1.0,0.0,0.0,1.0,1.0,0.0,1.0,0.0,0.0,0.0,0.0,1.0,0.0
-0.14444659495158002,-0.10501345004309515,0.031098225450175085,-0.1479816849603568,0.08307306268206247,-0.06334084990310006,-1.0371900814261341,1.2895449366659042,-0.7984104473410456,-0.7599532249479011,-0.32118928504313243,0.0,1.0,1.0,0.0,1.0,0.0,0.0,1.0,1.0,0.0,1.0,0.0,0.0,0.0,0.0,0.0,1.0
-0.4214519528922605,-0.10501345004309515,0.031098225450175085,-0.1479816849603568,0.08307306268206247,-0.06334084990310006,-1.5148067111198877,1.0030229660438716,-1.1217291109101586,-0.34084686169224765,-0.04038907177189177,0.0,1.0,1.0,0.0,1.0,0.0,0.0,1.0,1.0,0.0,1.0,0.0,0.0,0.0,0.0,1.0,0.0
-1.023374098251021,-2.684846595049449,-0.3972531698172864,-0.8865907526201726,-0.0623313444851382,-2.1073848973805367,0.5211583171587781,-0.6141530469742791,0.2639223043860388,0.16208077421453645,-0.13398914286230534,0.0,1.0,1.0,0.0,1.0,0.0,1.0,0.0,1.0,0.0,1.0,0.0,0.0,0.0,0.0,1.0,0.0
-0.6182632434375808,-0.15653186144940143,-0.08385719801389947,-0.21564271545402033,0.8465620710560612,-0.23959067701337036,0.016455678219632168,-1.1338662564602286,0.3793932556607226,0.5602318193074073,-0.9763897826760307,1.0,0.0,1.0,0.0,1.0,0.0,1.0,0.0,1.0,0.0,1.0,0.0,0.0,0.0,0.0,1.0,0.0
2.081126925070225,-1.320921287655218,0.9075581675385745,-0.6707243374229237,0.6680129135340817,0.7442337594530288,-1.693574372139478,1.9159196096680848,-1.7452722477934464,0.4868882057376679,0.70841149695142,0.0,1.0,1.0,0.0,0.0,1.0,1.0,0.0,0.0,1.0,0.0,0.0,1.0,0.0,0.0,0.0,1.0
