0,1,2,3,4,5,6,7,8,9,10,11,12,13,14,15,16,17,18,19,20,21,22,23,24,25,26,27
-0.8471206828014609,0.05991323034608504,-0.6756703368776694,-1.2152336660881415,-1.9321510413322762,-0.15688969420374124,-0.5920766628268516,-1.2122938031633397,1.0491247730538846,0.13064779697036244,-0.13398914286230534,1.0,0.0,1.0,0.0,1.0,0.0,1.0,0.0,1.0,0.0,1.0,0.0,0.0,0.0,1.0,0.0,0.0
-0.5495574497650201,-0.20905721083535211,-1.6812448673118716,0.683182097468392,0.3291258883219392,-2.0540565384491596,1.0466268965193917,-0.7140174564429073,0.3332048751508493,0.9793381825630607,0.33401121258976413,1.0,0.0,1.0,0.0,1.0,0.0,1.0,0.0,1.0,0.0,1.0,0.0,0.0,0.0,1.0,0.0,0.0
0.9287909736634361,-0.10501345004309515,0.031098225450175085,-0.1479816849603568,0.08307306268206247,-0.06334084990310006,-1.702603041887942,-0.42906403675493693,-1.3064826329496508,0.04682652431923176,-0.32118928504313243,0.0,1.0,1.0,0.0,1.0,0.0,0.0,1.0,1.0,0.0,1.0,0.0,0.0,0.0,0.0,1.0,0.0
-0.8471206828014609,-0.10501345004309515,0.031098225450175085,-0.1479816849603568,0.08307306268206247,-0.06334084990310006,0.048056022339256696,0.048298297511332584,-0.9138813986157284,0.19351375145871047,-0.13398914286230534,0.0,1.0,1.0,0.0,1.0,0.0,0.0,1.0,1.0,0.0,1.0,0.0,0.0,0.0,0.0,1.0,0.0
0.28558861732169655,-0.8109579056178186,0.04934676673595742,-1.3253847064042175,0.47588729491515686,-0.15688969420374124,-0.9721836592371923,1.0987045730216671,0.7027119192298346,-1.4095680879941639,2.2996127054884554,0.0,1.0,1.0,0.0,1.0,0.0,0.0,1.0,0.0,1.0,1.0,0.0,0.0,0.0,0.0,0.0,1.0
-0.8471206828014609,-1.6931855895049774,-0.276865188022132,-1.2528188346559284,-1.1471731136205319,-2.4501547129661265,1.9070591235480252,-1.7074330480156479,1.3724434366229965,-0.5504000433200744,-0.13398914286230534,1.0,0.0,1.0,0.0,1.0,0.0,1.0,0.0,1.0,0.0,1.0,0.0,0.0,0.0,0.0,1.0,0.0
-0.7666308083607687,-0.10501345004309515,0.031098225450175085,-0.1479816849603568,0.08307306268206247,-0.06334084990310006,0.5482443264041706,-0.42906403675493693,-1.3988593939693974,1.7127743182604542,-0.13398914286230534,0.0,1.0,1.0,0.0,1.0,0.0,0.0,1.0,1.0,0.0,1.0,0.0,0.0,1.0,0.0,0.0,0.0
0.086923225871099,1.559284708896387,1.6531170576791137,0.8081033929977116,0.041361151183406115,0.38582416649971085,-0.6995178328335749,1.8568375244850746,-1.1217291109101586,0.8745615917491473,0.146811070408937,1.0,0.0,0.0,1.0,1.0,0.0,0.0,1.0,1.0,0.0,1.0,0.0,0.0,0.0,0.0,1.0,0.0
-0.6182632434375808,-0.046130874040743154,-0.42266504825830054,-0.8465919047371135,-1.558201775856152,1.874479701464564,-0.08556828993801273,0.48121835531250584,1.3724434366229965,-0.5399223842386831,-0.9763897826760307,0.0,1.0,1.0,0.0,1.0,0.0,0.0,1.0,1.0,0.0,1.0,0.0,0.0,0.0,0.0,1.0,0.0
2.219101900874201,-0.10501345004309515,0.031098225450175085,-0.1479816849603568,0.08307306268206247,-0.06334084990310006,-1.5400869864155873,0.048298297511332584,-2.114779291872433,-0.6866096113781618,0.8020115680418336,0.0,1.0,1.0,0.0,1.0,0.0,0.0,1.0,1.0,0.0,1.0,0.0,0.0,0.0,0.0,0.0,1.0
0.8062624719380753,-1.4440326518537183,1.3895606701591612,-0.4991776243348088,1.103904401322885,0.2001987669200359,-1.4254228806100926,1.1381797715288997,-1.029352349890412,-1.2209702245291199,0.6148114258610065,1.0,0.0,1.0,0.0,0.0,1.0,0.0,1.0,1.0,0.0,0.0,1.0,0.0,0.0,0.0,0.0,1.0
1.385742876456404,0.7040247949490517,1.7550599556947117,0.9107408471146313,0.641444349984644,1.9403714093582027,-0.5686021214808448,0.07208798667794294,1.0029363925440113,-0.036994748331898926,-0.2275892139527189,1.0,0.0,0.0,1.0,1.0,0.0,0.0,1.0,1.0,0.0,1.0,0.0,0.0,0.0,0.0,1.0,0.0
-1.023374098251021,-0.10501345004309515,0.031098225450175085,-0.1479816849603568,0.08307306268206247,-0.06334084990310006,0.9879405431543747,-0.23822367311069995,0.610335158210088,1.3879668867373227,-0.6019894983143748,0.0,1.0,1.0,0.0,1.0,0.0,0.0,1.0,1.0,0.0,1.0,0.0,0.0,0.0,1.0,0.0,0.0
2.121946868216413,3.7714921735320477,-0.006150567987373775,1.5139062786065594,1.5512357293293129,0.02723768269257299,-0.04042494119569198,-1.653056615634824,1.5341027684075537,0.864083932667756,1.082811781313076,0.0,1.0,1.0,0.0,1.0,0.0,0.0,1.0,1.0,0.0,1.0,0.0,0.0,0.0,0.0,1.0,0.0
2.491405453331201,-1.041783091634497,1.449110156655379,0.5770134215682673,1.2965626034746167,1.6238126473198362,-1.2439466186659633,-0.5297127216905962,-0.6136569253015525,-1.1685819291221633,2.1124125633076285,0.0,1.0,1.0,0.0,0.0,1.0,0.0,1.0,0.0,1.0,0.0,0.0,1.0,0.0,0.0,0.0,1.0
-0.6182632434375808,-0.05446409465630616,0.3707163444659377,-0.6063904005537168,-0.04079833246775411,1.3489815218198,-0.3230223043226199,-0.002156757534335555,0.009886211581736287,0.3506786376795805,-0.9763897826760307,0.0,1.0,1.0,0.0,1.0,0.0,0.0,1.0,1.0,0.0,1.0,0.0,0.0,0.0,0.0,1.0,0.0
0.04359090126611189,-0.10501345004309515,0.031098225450175085,-0.1479816849603568,0.08307306268206247,-0.06334084990310006,-0.2805875565048384,1.5760669072879367,-0.5443743545367431,-0.8856851339245971,0.33401121258976413,0.0,1.0,1.0,0.0,1.0,0.0,0.0,1.0,1.0,0.0,0.0,1.0,0.0,0.0,0.0,0.0,1.0
-1.1205291309088083,-0.6499839564828007,-0.6451185811864563,-0.8114134617890264,-0.36163428777535445,0.0016502095204769059,0.7098575149016789,-0.2617519371216333,0.7027119192298346,-0.09986070282024695,-1.4443901381281001,0.0,1.0,1.0,0.0,1.0,0.0,0.0,1.0,1.0,0.0,1.0,0.0,0.0,0.0,1.0,0.0,0.0
-1.1205291309088083,-0.7670800085711071,-1.4442121500172962,-0.9008255265141961,-0.5380518584254996,0.07773429535185597,-0.6986149658587285,1.020538451474233,0.1946397336212294,0.34020097859818915,-0.32118928504313243,1.0,0.0,1.0,0.0,1.0,0.0,0.0,1.0,1.0,0.0,1.0,0.0,0.0,0.0,1.0,0.0,0.0
-0.6904939186355319,0.5351915142526867,-1.1086068829107147,0.3221894562761224,0.9431993094247144,1.16699041169115,1.4935460490683672,-0.5294512965349192,0.2408281141311027,0.7488296827724513,-0.32118928504313243,0.0,1.0,1.0,0.0,1.0,0.0,1.0,0.0,1.0,0.0,1.0,0.0,0.0,0.0,0.0,1.0,0.0
0.5546305830649679,-0.618914691426704,1.1856181834309223,2.702009405411912,0.18077011913318367,1.0269385326113456,-1.4498002889309458,-0.8698268492264213,-2.2071560528921794,-1.37813511074999,0.24041114149935056,0.0,1.0,1.0,0.0,1.0,0.0,0.0,1.0,0.0,1.0,1.0,0.0,0.0,0.0,0.0,0.0,1.0
-0.9324916346911166,-0.10501345004309515,-2.13867749793971,-1.0370820603310595,-0.7011953650668636,-0.06334084990310006,0.22050361453492198,2.1271511354551307,-0.3827150227521861,0.03634886523784043,-0.6019894983143748,1.0,0.0,1.0,0.0,1.0,0.0,1.0,0.0,1.0,0.0,0.0,1.0,0.0,0.0,0.0,0.0,1.0
1.5758995445324615,-1.4023657475234326,1.3622331990194898,-0.8644700136162092,0.9232404988339865,-0.9685993362995516,-0.5478361810593773,0.6399034248084673,-1.191011681674968,-1.3990904289127726,1.4572120656747318,0.0,1.0,1.0,0.0,1.0,0.0,0.0,1.0,0.0,1.0,0.0,0.0,1.0,0.0,0.0,0.0,1.0
0.1697817963019562,-0.10501345004309515,0.031098225450175085,-0.1479816849603568,0.08307306268206247,-0.06334084990310006,-0.7094493695568855,1.4806467254658182,-0.3827150227521861,0.004915887993666418,0.053210999318523446,0.0,1.0,1.0,0.0,1.0,0.0,0.0,1.0,1.0,0.0,1.0,0.0,0.0,0.0,0.0,0.0,1.0
-0.9324916346911166,-1.1524951008292559,-2.3332225100600033,2.185404407854156,-1.689054454132277,-1.3547260545698843,0.29634444042202085,1.097658872398959,1.3262550561131243,-0.16272665730859495,0.24041114149935056,1.0,0.0,1.0,0.0,1.0,0.0,1.0,0.0,1.0,0.0,1.0,0.0,0.0,1.0,0.0,0.0,0.0
0.8565602984654852,-0.8781479426255099,0.6066037407885557,0.006015675712225001,0.5042441172655913,0.10265134574213045,0.353225059837345,-1.743771144654756,0.12535716285641899,0.801217978179408,-0.7891896404952019,0.0,1.0,1.0,0.0,1.0,0.0,1.0,0.0,0.0,1.0,1.0,0.0,0.0,0.0,0.0,1.0,0.0
-0.9324916346911166,-0.10501345004309515,0.031098225450175085,-0.1479816849603568,0.08307306268206247,-0.06334084990310006,0.7125661158262182,0.2391386611555696,1.603385339172364,0.7802626600166253,-0.7891896404952019,0.0,1.0,1.0,0.0,1.0,0.0,0.0,1.0,1.0,0.0,1.0,0.0,0.0,1.0,0.0,0.0,0.0
2.1810404099991385,-0.10501345004309515,0.031098225450175085,-0.1479816849603568,0.08307306268206247,-0.06334084990310006,-0.24718147843552102,-0.14280349128858144,-1.1448233011650948,-0.23607027087833432,-0.7891896404952019,0.0,1.0,1.0,0.0,1.0,0.0,0.0,1.0,1.0,0.0,0.0,1.0,0.0,0.0,0.0,1.0,0.0
-0.8471206828014609,-0.10501345004309515,0.031098225450175085,-0.1479816849603568,0.08307306268206247,-0.06334084990310006,0.8281330886065593,0.33482026813336513,1.2338782950933778,-0.30941388444807366,-0.8827897115856155,0.0,1.0,1.0,0.0,1.0,0.0,0.0,1.0,1.0,0.0,1.0,0.0,0.0,0.0,0.0,0.0,1.0
-0.7666308083607687,-0.10501345004309515,0.031098225450175085,-0.1479816849603568,0.08307306268206247,-0.06334084990310006,-0.8882170305764757,0.14371847933345108,-1.1217291109101586,0.004915887993666418,-0.13398914286230534,0.0,1.0,1.0,0.0,1.0,0.0,0.0,1.0,1.0,0.0,1.0,0.0,0.0,0.0,0.0,1.0,0.0
-0.9324916346911166,-0.4882833718167282,-0.52934688876162,-0.9069644085388591,-1.8989829385704975,1.8877803508922055,-0.12348870288156216,-0.45102374983180804,0.3562990654057854,0.5183211829818419,-1.0699898537664443,0.0,1.0,1.0,0.0,1.0,0.0,0.0,1.0,1.0,0.0,1.0,0.0,0.0,0.0,0.0,1.0,0.0
0.5546305830649679,-0.8781479426255099,0.3707163444659377,-1.3875082807074481,-0.793724297939483,-0.41255176124083076,-1.465149027503335,0.8252538601834865,0.05607459209160957,-1.9334510420637308,2.6740129898501115,0.0,1.0,1.0,0.0,1.0,0.0,1.0,0.0,0.0,1.0,1.0,0.0,0.0,0.0,0.0,0.0,1.0
-0.48404845527268925,-0.34504548568208326,-1.0667729387075822,-0.9131265000025457,-1.689054454132277,0.10265134574213045,0.964466001808368,2.3409969127989467,-0.29033826173243954,-0.44562345250616103,-0.04038907177189177,1.0,0.0,1.0,0.0,1.0,0.0,1.0,0.0,1.0,0.0,0.0,1.0,0.0,0.0,1.0,0.0,0.0
0.9287909736634361,-0.021285136257433546,0.5823263829118447,0.9347590324751112,1.9630504240511333,-1.899803613946168,-1.3243017794272942,-0.4667092591724303,-0.05939635918307313,1.8280285681557589,1.082811781313076,0.0,1.0,1.0,0.0,1.0,0.0,0.0,1.0,0.0,1.0,0.0,1.0,0.0,0.0,0.0,0.0,1.0
0.8565602984654852,-0.2716631383420608,0.6304551580607614,3.209106765777396,1.5167356658288231,-0.23959067701337036,1.7264857285787423,-0.853879914730122,-0.12867892994788357,-0.6342213159712051,-0.414789356133546,0.0,1.0,1.0,0.0,1.0,0.0,0.0,1.0,1.0,0.0,1.0,0.0,0.0,0.0,1.0,0.0,0.0
2.5519820804896893,-0.10501345004309515,0.031098225450175085,-0.1479816849603568,0.08307306268206247,-0.06334084990310006,0.3071788441201778,-0.14280349128858144,-1.0524465401453482,1.8489838863185415,-0.9763897826760307,0.0,1.0,1.0,0.0,1.0,0.0,0.0,1.0,1.0,0.0,1.0,0.0,0.0,0.0,1.0,0.0,0.0
-0.8471206828014609,-0.10501345004309515,0.031098225450175085,-0.1479816849603568,0.08307306268206247,-0.06334084990310006,-0.858422420406544,0.2391386611555696,-0.4750917837719327,0.989815841644452,-0.13398914286230534,0.0,1.0,1.0,0.0,1.0,0.0,0.0,1.0,1.0,0.0,1.0,0.0,0.0,0.0,0.0,0.0,1.0
-0.14444659495158002,-0.10501345004309515,0.031098225450175085,-0.1479816849603568,0.08307306268206247,-0.06334084990310006,-0.6850719612360323,0.9076027842217531,0.287016494640976,-0.31989154352946503,-0.7891896404952019,0.0,1.0,1.0,0.0,1.0,0.0,0.0,1.0,1.0,0.0,0.0,1.0,0.0,0.0,1.0,0.0,0.0
0.1697817963019562,-0.08805780076929885,1.499938353715385,-1.079827855740192,0.3591677434603802,0.6841687170257569,-0.3528169144925516,-0.4520694504545162,-0.08249054943801028,-0.5084894069945091,-0.6019894983143748,0.0,1.0,0.0,1.0,1.0,0.0,1.0,0.0,1.0,0.0,1.0,0.0,0.0,0.0,0.0,1.0,0.0
-1.023374098251021,-0.10501345004309515,-1.1963467386481264,-0.7084005293546893,-1.3152162283184565,-0.06334084990310006,0.21960074756007555,-1.518161235305473,0.9105596315242648,1.7546849545860195,-0.6019894983143748,1.0,0.0,1.0,0.0,1.0,0.0,1.0,0.0,1.0,0.0,1.0,0.0,0.0,1.0,0.0,0.0,0.0
-0.3615199535473285,-1.6626459256911594,1.4555685816914385,-1.6082967692574237,-0.40166743956704504,-1.9503002266054486,-0.8259192093120731,1.8693859319575723,-0.036302168928136994,-1.095238315552424,1.1764118524034894,1.0,0.0,0.0,1.0,1.0,0.0,1.0,0.0,1.0,0.0,0.0,1.0,0.0,0.0,0.0,0.0,1.0
-0.5495574497650201,0.5284812448607777,0.1370866224733691,1.4961698184904606,0.796821807526075,0.9171948436804892,0.9599516669341359,1.1807920719042568,0.2408281141311027,0.926949887156104,-0.6019894983143748,1.0,0.0,1.0,0.0,1.0,0.0,1.0,0.0,1.0,0.0,1.0,0.0,0.0,0.0,1.0,0.0,0.0
-0.14444659495158002,0.5082493187290615,-0.8052441368182137,0.7138052857815205,-0.24520381994547144,0.538894506888396,0.5834561384231808,-0.6256557538240688,0.7719944899946449,0.23542438778427582,-0.7891896404952019,0.0,1.0,1.0,0.0,1.0,0.0,0.0,1.0,1.0,0.0,1.0,0.0,0.0,0.0,0.0,0.0,1.0
2.200199745468451,-0.10501345004309515,0.031098225450175085,-0.1479816849603568,0.08307306268206247,-0.06334084990310006,-1.7007973079382492,-0.14280349128858144,-1.675989677028637,1.3879668867373227,-0.13398914286230534,0.0,1.0,1.0,0.0,1.0,0.0,0.0,1.0,1.0,0.0,1.0,0.0,0.0,0.0,0.0,0.0,1.0
0.6145625824099001,0.7040247949490517,0.39904020046783645,1.0960520026014762,1.5698031050245815,0.07773429535185597,-0.6245798739213225,1.2542525406495042,-0.6367511155564887,-0.288458566285291,-0.13398914286230534,1.0,0.0,1.0,0.0,1.0,0.0,1.0,0.0,0.0,1.0,1.0,0.0,0.0,0.0,1.0,0.0,0.0
0.4265250861922086,0.3621934798665459,0.7971325139072474,-0.7826671919360176,-0.5936111717013819,-0.06334084990310006,-0.22551267103920705,0.178488025038497,-0.8215046375959818,1.2517573186792355,-1.1635899248568577,0.0,1.0,1.0,0.0,1.0,0.0,0.0,1.0,0.0,1.0,1.0,0.0,0.0,0.0,0.0,1.0,0.0
-0.9324916346911166,-0.10501345004309515,-0.4485609914768365,-1.1955370970691004,-1.0410461445957393,-0.06334084990310006,0.5897762072471058,1.8628503030656463,1.3493492463680605,0.7278743646096686,-0.5083894272239612,1.0,0.0,1.0,0.0,1.0,0.0,1.0,0.0,1.0,0.0,1.0,0.0,0.0,0.0,0.0,0.0,1.0
0.28558861732169655,-0.10501345004309515,0.031098225450175085,-0.1479816849603568,0.08307306268206247,-0.06334084990310006,-0.3690685200397871,0.5256606317776021,0.9798422022890743,-0.09986070282024695,-0.13398914286230534,0.0,1.0,1.0,0.0,1.0,0.0,0.0,1.0,1.0,0.0,1.0,0.0,0.0,0.0,0.0,0.0,1.0
0.523680118849996,0.46732271822127996,-0.08385719801389947,-0.7432556041350229,0.5042441172655913,-0.47261680366810266,0.32613905059195253,-0.15665902453946443,-0.45199759351699653,-0.5084894069945091,-0.5083894272239612,1.0,0.0,1.0,0.0,1.0,0.0,0.0,1.0,1.0,0.0,1.0,0.0,0.0,0.0,0.0,1.0,0.0
2.483646814232535,1.9346904836790946,1.4361005271063298,0.6598311070737246,1.2127439548614871,4.811015140326498,-0.6643060208145648,-0.6661766529540095,-2.2302502431471165,0.13064779697036244,0.70841149695142,1.0,0.0,1.0,0.0,0.0,1.0,0.0,1.0,0.0,1.0,0.0,1.0,0.0,0.0,0.0,0.0,1.0
-0.48404845527268925,-0.6604207132704719,0.04934676673595742,-1.0571903911315563,0.5600209401292671,-0.05022365835981295,1.8646243757302439,-0.9827625164789013,0.2408281141311027,1.8280285681557589,-0.6955895694047883,1.0,0.0,1.0,0.0,1.0,0.0,1.0,0.0,1.0,0.0,1.0,0.0,0.0,1.0,0.0,0.0,0.0
-0.6904939186355319,-0.10501345004309515,0.031098225450175085,-0.1479816849603568,0.08307306268206247,-0.06334084990310006,-0.7437583146010494,-1.0975281598211206,0.7719944899946449,-0.7913862021920751,0.4276112836801777,0.0,1.0,1.0,0.0,1.0,0.0,0.0,1.0,1.0,0.0,1.0,0.0,0.0,0.0,0.0,0.0,1.0
-0.14444659495158002,-0.5983996185596623,0.4673709594477701,2.702009405411912,-0.7812904984429169,1.0269385326113456,2.3440467393736903,0.33429741782201106,-0.35962083249724996,0.31924566043540653,-0.13398914286230534,0.0,1.0,1.0,0.0,1.0,0.0,0.0,1.0,1.0,0.0,1.0,0.0,0.0,0.0,0.0,0.0,1.0
0.4920340806845394,-0.4300689332882401,0.9361801913042097,-1.1809193197070438,0.0072674184442753165,-1.1939520206336809,-0.38170865768763684,-1.1830141857275116,0.0791687823465457,-1.252403201773294,0.146811070408937,0.0,1.0,1.0,0.0,1.0,0.0,0.0,1.0,0.0,1.0,1.0,0.0,0.0,0.0,0.0,1.0,0.0
2.966326997467549,3.229963068336411,1.5962260827380879,1.6173249640324063,0.6680129135340817,3.885153687493272,-1.5446013212898195,0.20985904371974143,-0.3365266422423128,1.5032211366326276,4.171614127296733,0.0,1.0,1.0,0.0,0.0,1.0,0.0,1.0,0.0,1.0,1.0,0.0,0.0,0.0,0.0,0.0,1.0
-0.7666308083607687,-0.45901852915001917,-0.37230759078516784,1.8567647652857266,-0.3189477477724512,0.7442337594530288,1.739125866226592,0.15208408431511627,0.2408281141311027,0.18303609237731913,-0.13398914286230534,0.0,1.0,1.0,0.0,1.0,0.0,1.0,0.0,1.0,0.0,1.0,0.0,0.0,0.0,1.0,0.0,0.0
-0.8471206828014609,-0.4784929730282939,0.5576075944238016,-0.42887999529808246,-0.6119340904631504,0.5811617115907967,0.08597643528280613,-1.1194878728979916,0.3793932556607226,-0.047472407413290264,-0.6019894983143748,1.0,0.0,1.0,0.0,1.0,0.0,1.0,0.0,1.0,0.0,1.0,0.0,0.0,0.0,1.0,0.0,0.0
-0.6904939186355319,-0.16521510485233726,-0.08385719801389947,-1.1213848980542784,-1.9730205943311891,-0.23959067701337036,0.46608343169314687,0.21247329527651182,0.44867582642553194,0.926949887156104,-0.8827897115856155,1.0,0.0,1.0,0.0,1.0,0.0,0.0,1.0,1.0,0.0,1.0,0.0,0.0,0.0,0.0,0.0,1.0
-0.3615199535473285,-0.7454068145339091,-0.16627612361913185,-1.4926977608732745,-0.9896080344905864,-0.10305820783346004,0.5681073998507917,-0.5657893931740273,0.1946397336212294,-1.8496297694126,-0.414789356133546,1.0,0.0,1.0,0.0,1.0,0.0,0.0,1.0,0.0,1.0,1.0,0.0,0.0,0.0,0.0,0.0,1.0
0.28558861732169655,-0.046130874040743154,-0.12444217941599926,1.0009492057156548,-0.5380518584254996,1.8206482150942827,-0.23544420776251762,-0.7359771695197783,-1.006258159635475,-0.257025589041117,-1.1635899248568577,0.0,1.0,1.0,0.0,1.0,0.0,0.0,1.0,1.0,0.0,1.0,0.0,0.0,0.0,0.0,1.0,0.0
-0.3615199535473285,-0.9940047399995524,-2.2324730247735425,-0.874487692667744,-1.0935527270034056,-1.614267094515756,0.3938540737054337,0.6250021909348762,-0.3134324519873767,-1.4514787243197294,0.8020115680418336,1.0,0.0,1.0,0.0,1.0,0.0,0.0,1.0,0.0,1.0,1.0,0.0,0.0,0.0,0.0,0.0,1.0
-0.0011172802476646856,0.8865017579754462,0.7438121146583723,2.309394130587447,1.6987007453859186,2.0925666459718397,1.9431738025418819,-0.5704950459762139,1.1645957243285674,-1.943928701145122,-0.7891896404952019,1.0,0.0,0.0,1.0,1.0,0.0,0.0,1.0,1.0,0.0,1.0,0.0,0.0,0.0,1.0,0.0,0.0
-0.7666308083607687,-0.10501345004309515,0.031098225450175085,-0.1479816849603568,0.08307306268206247,-0.06334084990310006,-0.8168905395636089,-1.2886299486210346,-1.1448233011650948,-1.8810627466567742,0.053210999318523446,0.0,1.0,1.0,0.0,1.0,0.0,0.0,1.0,1.0,0.0,0.0,1.0,0.0,0.0,0.0,0.0,1.0
