,Bilirubin,Cholesterol,Albumin,Copper,Alk_Phos,SGOT,Tryglicerides,Platelets,N_Days,Age,Drug_D-penicillamine,Drug_Placebo,Sex_F,Sex_M,Ascites_N,Ascites_Y,Hepatomegaly_N,Hepatomegaly_Y,Spiders_N,Spiders_Y,Edema_N,Edema_S,Edema_Y,ID,Prothrombin,Stage
251,-0.5066391549374676,-0.6969377463134427,-0.3917010159526196,0.46102911950363207,-0.5775114437138336,-0.10035210740719547,-0.5676804269203548,0.6578138877428686,-0.25941459702512426,1.7873723395101175,1.0,0.0,1.0,0.0,1.0,0.0,0.0,1.0,0.0,1.0,1.0,0.0,0.0,252.0,10.0,4.0
177,-0.8089225351629792,0.10953611880168986,1.1876201558447845,-0.48498764115449017,-0.8439549384538657,-0.8848541415032556,0.11223776757048301,0.7339477797965551,0.44402724856059456,1.9368618396139934,1.0,0.0,1.0,0.0,1.0,0.0,1.0,0.0,1.0,0.0,1.0,0.0,0.0,178.0,10.2,4.0
231,-0.9656147127028083,-0.5375203434465553,-1.1620830116548255,-0.5594859031195608,-0.5057695688791407,0.2538897994945232,-0.6320720572322679,0.13755003871357901,-0.10222574017201919,0.014474662434488037,1.0,0.0,1.0,0.0,1.0,0.0,0.0,1.0,1.0,0.0,1.0,0.0,0.0,232.0,10.6,3.0
88,-0.10382782616590353,0.4006027470585136,0.27631684323120076,-0.5033299214372525,-0.43234193321014114,-0.1575724635157256,-0.401036829287134,-0.5910725354312374,-0.2845995519905389,0.23379673541104487,1.0,0.0,1.0,0.0,1.0,0.0,0.0,1.0,1.0,0.0,1.0,0.0,0.0,89.0,11.4,2.0
217,-0.8833213878032712,0.10953611880168986,0.7911857324491514,-0.94282728377732,-0.6033716020299253,-1.0648674929655682,0.11223776757048301,1.5998329586614235,0.08796409215300849,-1.497148293322822,1.0,0.0,1.0,0.0,1.0,0.0,1.0,0.0,1.0,0.0,1.0,0.0,0.0,218.0,10.1,1.0
260,0.30916511152810605,0.19782810645250684,-0.8772911637177838,0.6141808845645699,-0.6424092719693961,-0.569580963246124,0.11223776757048301,1.1899275950566728,-0.34018014225904014,0.22609656577869602,0.0,1.0,1.0,0.0,1.0,0.0,0.0,1.0,0.0,1.0,1.0,0.0,0.0,261.0,9.5,3.0
158,0.0801856424039375,-0.18152304596565244,-0.14341666124221206,1.4935137657681696,-0.7900171700456354,0.201226946517919,0.3794232594781311,-0.5074036421283729,-0.4626311301943319,-0.41434512916011157,0.0,1.0,0.0,1.0,1.0,0.0,1.0,0.0,1.0,0.0,1.0,0.0,0.0,159.0,10.1,3.0
147,1.2951551420124785,3.2352542810465033,-0.5978911608947576,1.7503748114052549,1.2453796704895714,1.244392490004298,2.3585906781928383,0.7810563200264222,-0.557291822995373,-1.8590562660432177,0.0,1.0,1.0,0.0,1.0,0.0,0.0,1.0,1.0,0.0,1.0,0.0,0.0,148.0,9.8,3.0
93,0.30916511152810605,-1.0632868426266477,-0.9479714917148595,1.1313492418565656,-0.3222436520113585,0.6788516045538009,-1.0442794698024815,-0.7379869665914038,-1.1452302544293627,0.3766481582456545,1.0,0.0,1.0,0.0,1.0,0.0,0.0,1.0,0.0,1.0,1.0,0.0,0.0,94.0,11.8,4.0
306,-0.6768249189562664,-0.493134429886346,0.07889309376338245,-0.4668243227870084,-0.2649504563652972,0.19780792474502748,-1.296863750447392,0.9110938293295444,-0.7987200119741753,-1.8872017136649066,0.0,1.0,1.0,0.0,1.0,0.0,1.0,0.0,1.0,0.0,1.0,0.0,0.0,307.0,10.5,2.0
261,0.18180349098301915,-0.14752084817618466,-1.0665339094321677,-0.24493702373322965,0.591130772240985,-0.5284730027661384,1.4393341614443032,-0.23078305922113637,-0.34973305621143874,-0.7027032057370374,0.0,1.0,1.0,0.0,1.0,0.0,0.0,1.0,1.0,0.0,1.0,0.0,0.0,262.0,9.5,3.0
38,-0.7405057292288099,-0.42746029130537844,-1.2100948581190465,-0.4668243227870084,3.1692013770132244,-0.9340427786259051,-0.14413940456514962,2.677636303449174,0.19825682596706565,0.5197651041710348,1.0,0.0,1.0,0.0,1.0,0.0,0.0,1.0,1.0,0.0,1.0,0.0,0.0,39.0,10.6,4.0
201,-0.8833213878032712,-0.8795610441234012,0.6000231736631484,-1.3370372481655486,-0.466904784923928,-0.7475011140532781,-0.5890233736996697,2.3175158271054324,0.17654565789343235,1.1256887973096579,1.0,0.0,1.0,0.0,1.0,0.0,1.0,0.0,1.0,0.0,1.0,0.0,0.0,202.0,10.0,2.0
178,-0.1838299037140801,0.3278499983661564,0.6639931049729674,-0.7186777220572927,0.3443445076117926,-0.3042533074300023,0.25843823423720985,0.27208082764361513,0.43794812149997725,-0.5906524614318232,0.0,1.0,1.0,0.0,1.0,0.0,0.0,1.0,1.0,0.0,1.0,0.0,0.0,179.0,9.9,4.0
234,2.3118379320682383,4.375982015743905,1.3517726771837337,-0.15007416112393948,1.0898871218494508,1.3925930918155904,-0.14413940456514962,0.8556937490685081,-0.16214856405524708,-1.6341582081604773,0.0,1.0,1.0,0.0,1.0,0.0,0.0,1.0,1.0,0.0,1.0,0.0,0.0,235.0,11.9,3.0
49,-0.5066391549374676,-0.6126200466293221,-0.3689628768037072,-0.6372277295977983,-0.434978286158359,-0.21560457753715756,-0.9484193183554595,-1.5555833917644013,0.4596592895736105,0.33708521772082767,1.0,0.0,1.0,0.0,1.0,0.0,0.0,1.0,1.0,0.0,1.0,0.0,0.0,50.0,10.6,4.0
264,0.3995311632278337,0.025182928064771563,-0.7369362753767272,0.5209017980937651,-0.564251193501464,0.02336940544494891,0.4807376959241228,0.45326367987216165,-0.855169048965622,-0.35407138755517403,0.0,1.0,1.0,0.0,1.0,0.0,0.0,1.0,1.0,0.0,1.0,0.0,0.0,265.0,10.0,4.0
205,-0.8089225351629792,-0.9618931850535104,1.166988345509797,-1.4436284588163852,1.873410707723073,-1.295331760903279,-1.068675648815974,-0.13078328737407308,0.1617820636033617,1.159675752928301,1.0,0.0,1.0,0.0,1.0,0.0,1.0,0.0,1.0,0.0,1.0,0.0,0.0,206.0,11.0,1.0
89,-0.2684144759649778,1.7356189580017298,1.473853678709159,0.18079565763099403,0.15628757422740647,0.5577647745161178,0.6288827014648024,0.8464127364799378,0.5386879413616358,-1.6057472374480177,1.0,0.0,0.0,1.0,1.0,0.0,1.0,0.0,1.0,0.0,1.0,0.0,0.0,90.0,11.0,2.0
156,-0.8089225351629792,-0.39860851170264744,-0.23323885683024725,-0.8266152308511673,0.1636537227740098,-0.8154906564602423,1.3972828789205038,2.111721517834586,0.6654811629116542,-0.12359734476624992,0.0,1.0,1.0,0.0,1.0,0.0,1.0,0.0,1.0,0.0,1.0,0.0,0.0,157.0,10.0,2.0
285,-0.10382782616590353,-0.22957987670379543,-0.3689628768037072,-0.16559809788005983,-0.2852284216042043,0.058822284203010416,-0.012037145673679637,-1.3357871553737655,-0.5737923107313344,-1.0842598871744613,1.0,0.0,1.0,0.0,1.0,0.0,0.0,1.0,0.0,1.0,1.0,0.0,0.0,286.0,9.8,3.0
190,3.793639982020934,3.523667449302669,-0.3917010159526196,1.6325701965696666,1.2003010704659516,0.4836257185115614,3.9946547445311116,1.3979643663364134,-1.60898080448217,0.257959336671174,0.0,1.0,1.0,0.0,0.0,1.0,0.0,1.0,0.0,1.0,1.0,0.0,0.0,191.0,15.2,4.0
54,-0.1838299037140801,0.44851157966776733,0.8964321680395237,0.5209017980937651,3.492988192070733,-0.7609929874364768,1.5773684430402781,-0.4368068749464278,-0.6154777534327103,1.5255665720102567,1.0,0.0,0.0,1.0,1.0,0.0,1.0,0.0,1.0,0.0,1.0,0.0,0.0,55.0,11.0,3.0
119,0.3995311632278337,-0.1272461512123786,0.9801493969805034,3.1463868180813828,-0.7347649178490205,0.201226946517919,1.4532841066051208,0.9110938293295444,-0.031013108890501972,-1.44324710589638,1.0,0.0,0.0,1.0,1.0,0.0,1.0,0.0,1.0,0.0,1.0,0.0,0.0,120.0,10.6,3.0
77,1.104112711194848,0.5663058614966606,-1.1620830116548255,-0.08904561645355506,0.36174765978639717,0.84353819090025,-0.280476984675409,-0.17499196023370386,-0.3288903348607508,-0.20245770272513294,1.0,0.0,1.0,0.0,1.0,0.0,0.0,1.0,1.0,0.0,1.0,0.0,0.0,78.0,10.6,4.0
143,4.170380736245732,1.2224636445015948,-0.5978911608947576,0.8673134255566012,1.273267778345943,1.244392490004298,0.8819996759929659,0.8278093088560333,-0.9776200369009137,0.2186619192371178,0.0,1.0,1.0,0.0,1.0,0.0,0.0,1.0,1.0,0.0,0.0,1.0,0.0,144.0,10.0,3.0
42,-0.5066391549374676,0.1091139629904949,0.2545019848790647,-0.7825461497026154,1.9247825950916442,-1.0546138054181577,-0.5890233736996697,-0.5550380048381388,2.16007797310057,-0.11271089804465327,1.0,0.0,1.0,0.0,1.0,0.0,1.0,0.0,1.0,0.0,1.0,0.0,0.0,43.0,10.6,2.0
295,-0.6768249189562664,-0.10706481581486148,-0.48299473395559317,-0.2940118061956247,-0.4131192077570443,0.31595016924649355,-0.4627012875735559,0.4234571001028257,-0.6493471756275783,-1.8088724018875648,0.0,1.0,1.0,0.0,1.0,0.0,1.0,0.0,1.0,0.0,1.0,0.0,0.0,296.0,10.9,4.0
294,0.044969879114680505,1.669023167881548,0.6639931049729674,0.28615211007522007,-0.6443848247729235,0.14620342462239372,1.2259347653034804,0.5515433894778056,-1.0349375206153055,-1.4238639202701224,1.0,0.0,0.0,1.0,1.0,0.0,1.0,0.0,1.0,0.0,1.0,0.0,0.0,295.0,10.3,3.0
11,0.4287857607728526,-0.7752417452364152,-0.00965131751012317,0.18079565763099403,-0.9293309850839686,-0.7139967322925662,-0.4627012875735559,-2.5402584837880933,-1.5325574928629808,0.8830006923452839,0.0,1.0,1.0,0.0,1.0,0.0,1.0,0.0,0.0,1.0,1.0,0.0,0.0,12.0,13.6,4.0
34,-0.4552287163616672,-0.20205318508892375,-0.7369362753767272,1.3492291207635456,4.065080236108129,-0.9340427786259051,0.5635865240391953,1.665843446853963,0.6759025235869982,-0.13713902239555306,0.0,1.0,1.0,0.0,1.0,0.0,1.0,0.0,1.0,0.0,1.0,0.0,0.0,35.0,10.6,3.0
108,-0.8833213878032712,-1.846822595116578,0.18887699637260655,-0.4488348280753067,-0.6955658235592743,-0.1575724635157256,-1.4866793809461398,0.2000418031971679,0.37802529761674936,-0.5789694454379145,0.0,1.0,1.0,0.0,1.0,0.0,1.0,0.0,1.0,0.0,1.0,0.0,0.0,109.0,10.6,3.0
228,0.6756657354714637,-1.1501181607055833,-1.0903623488171283,1.3400238441837669,-0.48849585605869805,0.9125097403683182,-0.012037145673679637,-1.3932243856567341,-1.4943458370533862,1.2008318319977518,1.0,0.0,1.0,0.0,0.0,1.0,0.0,1.0,1.0,0.0,0.0,1.0,0.0,229.0,11.4,4.0
309,-0.22549984030278203,0.5546497217274028,-0.3917010159526196,-0.7186777220572927,0.05776693625835241,0.8509992460735676,-0.3604502787327538,-0.19723679472070133,-0.981093823792695,1.1928661392746323,1.0,0.0,1.0,0.0,1.0,0.0,1.0,0.0,1.0,0.0,1.0,0.0,0.0,310.0,10.2,2.0
31,-0.1838299037140801,-0.574891032746955,-0.41447311802485937,0.2732142637335078,2.596151519924213,-0.7051872640493011,0.6773036481140995,0.3533093376949362,2.1314192312433744,0.3843483278780034,0.0,1.0,1.0,0.0,1.0,0.0,0.0,1.0,1.0,0.0,1.0,0.0,0.0,32.0,10.6,4.0
164,0.5419257838595078,-1.1064255822899935,-0.1658233225421785,-0.015005113934028622,0.5532015253587843,0.2538897994945232,0.413431751463689,-0.4485032952106049,-0.8612481760262393,0.3174365090037996,1.0,0.0,0.0,1.0,1.0,0.0,0.0,1.0,1.0,0.0,1.0,0.0,0.0,165.0,11.3,4.0
136,-0.5066391549374676,0.3461403710034774,0.1669414462050653,-0.029623932485221934,1.0713002743754954,0.606561903822053,0.5799908533747027,0.9110938293295444,0.8000904049681806,1.2441120957933678,1.0,0.0,1.0,0.0,1.0,0.0,1.0,0.0,1.0,0.0,1.0,0.0,0.0,137.0,10.1,2.0
109,-0.1433022617642205,0.8494766575260314,0.03468341986477024,-0.10414704393753942,-0.4597630193370028,-0.1864848877856453,-0.18264309389200575,-1.3644039276122863,0.031515055161561924,-1.0786839022682777,1.0,0.0,1.0,0.0,1.0,0.0,0.0,1.0,0.0,1.0,1.0,0.0,0.0,110.0,10.9,3.0
199,0.7270670557555635,-0.7752417452364152,0.05680382362382109,0.4121956063711072,-0.1787662277691584,0.3317489246797632,-0.0870285248539363,0.799799730900282,0.21649420714891762,-1.7262947206578927,0.0,1.0,1.0,0.0,1.0,0.0,1.0,0.0,0.0,1.0,1.0,0.0,0.0,200.0,9.9,3.0
152,-0.8833213878032712,-0.9287331827920663,0.7065006294129887,-0.19698226055465146,-1.1042729888749379,-1.3762594206042809,-1.068675648815974,0.18967490862484013,0.6897976711541235,-0.0415507097181191,1.0,0.0,1.0,0.0,1.0,0.0,1.0,0.0,1.0,0.0,1.0,0.0,0.0,153.0,11.1,1.0
289,-0.35847274151531683,-0.34150400171872203,0.10095136137270329,-0.8491360085347244,-0.7813888766468227,-0.4878143500899873,-1.0442794698024815,0.322983433430066,-0.6128724132638743,1.5470739423626794,1.0,0.0,1.0,0.0,1.0,0.0,1.0,0.0,1.0,0.0,1.0,0.0,0.0,290.0,9.8,3.0
57,-0.7405057292288099,-0.7280647858950797,1.1876201558447845,-0.11935085749852718,2.1014441250011147,-1.3105623638020452,-0.012037145673679637,0.09158483322052186,2.0758386409748733,-0.5298476736453442,1.0,0.0,0.0,1.0,1.0,0.0,1.0,0.0,1.0,0.0,1.0,0.0,0.0,58.0,10.6,1.0
224,-0.7405057292288099,-0.4857843745552399,0.2981018386277813,0.36248199766738814,-0.4482153211898038,-0.5830403097607475,0.29332372401250717,-0.011074420450197495,-0.040566022842900624,-1.0922255798975808,1.0,0.0,1.0,0.0,1.0,0.0,1.0,0.0,1.0,0.0,1.0,0.0,0.0,225.0,10.1,2.0
195,-0.35847274151531683,-0.8552230603085175,-0.3689628768037072,-1.4067540049226401,-0.6894618774866828,-0.9200778879853023,-1.218981023260884,-1.7250820589608895,0.25557430968145756,0.679610004814966,1.0,0.0,1.0,0.0,1.0,0.0,0.0,1.0,0.0,1.0,1.0,0.0,0.0,196.0,11.6,4.0
81,0.6756657354714637,0.7717193944267472,1.2082266975532423,0.88838904227965,-0.03697774469627296,-0.01597172971920749,2.2613582673579162,1.508040712277888,1.3072632911682545,1.6755871182956739,1.0,0.0,1.0,0.0,1.0,0.0,1.0,0.0,1.0,0.0,1.0,0.0,0.0,82.0,11.1,3.0
56,0.009012487263550186,-0.5899390621549959,-0.783573881380229,1.615455046777138,3.8152100826839637,-0.23772526494505022,-0.48347192478725687,-0.40188139423463914,1.0536768480682175,0.34319224880855265,1.0,0.0,1.0,0.0,1.0,0.0,0.0,1.0,1.0,0.0,0.0,1.0,0.0,57.0,12.4,3.0
163,1.5511193396791383,0.10953611880168986,-0.41447311802485937,0.9610963840525625,-0.15028399761892822,1.003062945870655,0.11223776757048301,-2.21470620041557,-1.567295361780794,-0.6418984179505586,0.0,1.0,1.0,0.0,1.0,0.0,0.0,1.0,0.0,1.0,0.0,1.0,0.0,164.0,13.3,4.0
