0,1,2,3,4,5,6,7,8,9,10,11,12,13,14,15,16,17,18,19,20,21,22,23,24,25,26,27
-0.6182632434375808,0.8390398357681734,0.48063443941550316,-0.33529448408710916,-1.157683927074986,0.17612280855675966,-0.3239251712974663,-2.3123708582523115,0.5641467777002157,-0.288458566285291,-0.5083894272239612,1.0,0.0,1.0,0.0,1.0,0.0,0.0,1.0,0.0,1.0,1.0,0.0,0.0,0.0,0.0,1.0,0.0
-0.9324916346911166,-0.10501345004309515,0.031098225450175085,-0.1479816849603568,0.08307306268206247,-0.06334084990310006,-1.234917948917499,1.8625888779099693,0.7258061094847716,-1.0009393838199019,0.24041114149935056,0.0,1.0,1.0,0.0,1.0,0.0,0.0,1.0,1.0,0.0,0.0,1.0,0.0,0.0,0.0,0.0,1.0
0.4265250861922086,-1.3075839823893027,1.2319691244191262,-0.2183278416802953,0.8710699273893104,-1.3136752148975983,-1.0624703567218339,0.326716088307377,-0.8907872083607922,-0.7075649295409444,0.9892117102226624,1.0,0.0,1.0,0.0,1.0,0.0,0.0,1.0,0.0,1.0,1.0,0.0,0.0,0.0,0.0,0.0,1.0
-0.8471206828014609,-1.2679646678687215,-1.2424357596059845,-1.1473125362850578,-1.0935527270034056,-1.8014151007412644,1.575706943779391,-0.959757102779322,0.3793932556607226,-0.6027883387270311,0.053210999318523446,0.0,1.0,1.0,0.0,1.0,0.0,1.0,0.0,1.0,0.0,1.0,0.0,0.0,0.0,0.0,1.0,0.0
-0.9324916346911166,-0.25362641630908406,-1.1963467386481264,-0.9824931919852807,-1.3738082022627145,-0.7263825701136687,1.2371318282119854,0.4718070497081325,1.464820197642743,0.004915887993666418,-0.04038907177189177,1.0,0.0,1.0,0.0,1.0,0.0,1.0,0.0,1.0,0.0,1.0,0.0,0.0,0.0,0.0,1.0,0.0
2.411825555939379,-0.10501345004309515,-0.7069244929530463,0.4510158497966781,2.4511114699420724,-0.06334084990310006,-0.8033475349409127,-0.8159732671569517,-1.3988593939693974,-1.3886127698313813,1.7380122789459724,1.0,0.0,1.0,0.0,1.0,0.0,0.0,1.0,0.0,1.0,1.0,0.0,0.0,0.0,0.0,0.0,1.0
1.2430193649169718,2.855955970562276,0.5945192531012072,0.8767839678367791,1.0362778253204132,0.8606982621748697,-0.7618156540979776,-0.08006145392609258,-0.8907872083607922,1.0317264779700173,0.24041114149935056,1.0,0.0,1.0,0.0,1.0,0.0,0.0,1.0,0.0,1.0,1.0,0.0,0.0,0.0,0.0,0.0,1.0
-0.6904939186355319,0.5618662890306367,-0.9867795193894581,0.4845316993572881,-0.8897692534483931,2.0174837828687293,-0.12710017078094782,1.8001082657031575,-0.1517731202028197,-0.2046372936341603,-0.7891896404952019,0.0,1.0,1.0,0.0,1.0,0.0,0.0,1.0,1.0,0.0,1.0,0.0,0.0,0.0,0.0,1.0,0.0
-1.023374098251021,-0.06282323512889008,-0.4485609914768365,-0.1771974468166268,0.20525558120035411,-0.8972710177553,2.0379748349007554,-1.7189357548654374,0.10226297260148286,-0.31989154352946503,-0.6955895694047883,0.0,1.0,1.0,0.0,1.0,0.0,1.0,0.0,1.0,0.0,1.0,0.0,0.0,0.0,0.0,1.0,0.0
0.6720476837731837,0.6403378929593864,1.2243528808954074,-0.5978881838260403,-0.6793091071896231,2.237052412236581,-1.0182298749543595,1.6307047648244375,1.1415015340736312,0.14112545605175378,-0.8827897115856155,1.0,0.0,0.0,1.0,1.0,0.0,0.0,1.0,1.0,0.0,0.0,1.0,0.0,0.0,1.0,0.0,0.0
-0.8471206828014609,-0.10501345004309515,0.031098225450175085,-0.1479816849603568,0.08307306268206247,-0.06334084990310006,1.927825063969493,0.9076027842217531,0.3562990654057854,1.2831902959234094,0.24041114149935056,0.0,1.0,1.0,0.0,1.0,0.0,0.0,1.0,1.0,0.0,1.0,0.0,0.0,0.0,0.0,1.0,0.0
-0.6904939186355319,0.6659940448064213,-1.1517691085222066,-0.5168327292725954,-1.689054454132277,2.117161489107278,1.1847655436708933,1.252683989715442,0.8643712510143915,-0.09986070282024695,-0.9763897826760307,1.0,0.0,1.0,0.0,1.0,0.0,0.0,1.0,1.0,0.0,1.0,0.0,0.0,0.0,0.0,1.0,0.0
0.4920340806845394,1.2284019323599278,0.6422257589771817,0.7893855845775611,1.475571614008263,-0.565154130803418,-0.6877805621605716,0.7486562895701147,-3.5466190876785033,-0.6866096113781618,-0.04038907177189177,0.0,1.0,1.0,0.0,1.0,0.0,0.0,1.0,0.0,1.0,1.0,0.0,0.0,0.0,0.0,0.0,1.0
-0.6182632434375808,-0.10501345004309515,-1.0261879573054828,-0.15766219996003336,-0.3222252639069893,-0.06334084990310006,1.7364172653020529,-0.15744330000649553,0.47177001668046914,0.864083932667756,-0.32118928504313243,1.0,0.0,1.0,0.0,1.0,0.0,1.0,0.0,1.0,0.0,1.0,0.0,0.0,0.0,0.0,1.0,0.0
-0.7666308083607687,-0.10501345004309515,0.031098225450175085,-0.1479816849603568,0.08307306268206247,-0.06334084990310006,-1.1157395082377723,0.7167624205775162,0.5872409679551518,0.14112545605175378,-0.32118928504313243,0.0,1.0,1.0,0.0,1.0,0.0,0.0,1.0,1.0,0.0,1.0,0.0,0.0,0.0,0.0,1.0,0.0
-0.7666308083607687,-0.4882833718167282,-0.42266504825830054,-0.12688480234413052,0.3553113781147679,-1.7534646588310046,-0.7022264337581142,-1.9021947889950404,0.14845135311135613,0.926949887156104,-0.2275892139527189,0.0,1.0,1.0,0.0,1.0,0.0,1.0,0.0,1.0,0.0,1.0,0.0,0.0,0.0,1.0,0.0,0.0
-0.6182632434375808,-0.8443429497876777,0.10266716598483369,0.4941064044666997,-0.36163428777535445,-0.23959067701337036,1.7120398569811996,-2.063494110047772,0.6334293484650251,0.5916647965515812,-0.5083894272239612,1.0,0.0,1.0,0.0,1.0,0.0,1.0,0.0,1.0,0.0,1.0,0.0,0.0,1.0,0.0,0.0,0.0
-1.1205291309088083,-0.5882005114600118,0.7328924100609603,-0.8230554487925499,-1.0410461445957393,0.27123108669503043,1.1044103829095624,-0.718723109245094,0.17154554336629227,1.985193454376629,0.24041114149935056,1.0,0.0,1.0,0.0,1.0,0.0,1.0,0.0,1.0,0.0,1.0,0.0,0.0,0.0,1.0,0.0,0.0
0.3578192925196478,-0.6499839564828007,1.8925991172210905,0.29789882410971913,-0.24520381994547144,0.05259770865006416,-1.0516359530236767,1.0798819618129205,0.6796177289748984,-1.2104925654477285,-0.7891896404952019,1.0,0.0,0.0,1.0,1.0,0.0,0.0,1.0,0.0,1.0,0.0,1.0,0.0,0.0,0.0,0.0,1.0
0.3925911686703216,-0.9821917034177668,0.7107862983875302,-0.32378607792731706,-0.06346975792198346,-0.5339736659657198,-1.074207627394837,-1.0157020860942079,0.5872409679551518,0.08873716064479711,-0.6955895694047883,1.0,0.0,1.0,0.0,1.0,0.0,0.0,1.0,0.0,1.0,1.0,0.0,0.0,0.0,0.0,1.0,0.0
-0.9324916346911166,-0.10501345004309515,-1.6812448673118716,-1.193091678379725,-1.8270521957176749,-0.06334084990310006,1.3824934111622582,0.5638287045064495,2.6426239006445105,0.09921481972618844,-0.13398914286230534,1.0,0.0,1.0,0.0,1.0,0.0,1.0,0.0,1.0,0.0,1.0,0.0,0.0,0.0,1.0,0.0,0.0
-0.24880465832279308,-1.1274952787357673,-0.08385719801389947,-0.6391094641845202,0.44720875975793634,-0.7263825701136687,0.20786347688707216,-0.7430356487230584,1.5571969586624896,-0.8332968385176405,-1.0699898537664443,0.0,1.0,1.0,0.0,1.0,0.0,1.0,0.0,1.0,0.0,1.0,0.0,0.0,0.0,0.0,1.0,0.0
0.4265250861922086,-0.10501345004309515,0.10266716598483369,0.4167963014014674,0.5322863646924418,-0.06334084990310006,-0.39254306138579387,-0.8483899864609042,0.14845135311135613,-1.1161936337152065,-0.6019894983143748,1.0,0.0,1.0,0.0,1.0,0.0,0.0,1.0,0.0,1.0,1.0,0.0,0.0,0.0,0.0,0.0,1.0
-0.04729156229379233,-1.0058699314372972,-0.4485609914768365,-0.6443362070412627,-1.2019555839296998,-1.614267094515756,-0.316702235498695,1.9423235503914655,0.0791687823465457,-0.5818330205642485,1.8316123500363861,1.0,0.0,1.0,0.0,1.0,0.0,1.0,0.0,0.0,1.0,0.0,1.0,0.0,0.0,0.0,1.0,0.0
0.1697817963019562,0.411765980176158,0.5576075944238016,0.14617341983747514,1.8826133216771779,-0.06334084990310006,0.1392455867987446,-0.14489489253399776,0.12535716285641899,-1.3571797925872073,-0.414789356133546,1.0,0.0,1.0,0.0,0.0,1.0,1.0,0.0,1.0,0.0,1.0,0.0,0.0,0.0,0.0,1.0,0.0
-0.6904939186355319,1.6404558235821523,0.18713506848630032,-0.7469682965165237,-1.1471731136205319,-1.8014151007412644,2.2013937573479567,0.7531005172166243,-0.22105569096763014,-0.288458566285291,-0.414789356133546,1.0,0.0,1.0,0.0,1.0,0.0,1.0,0.0,1.0,0.0,1.0,0.0,0.0,0.0,0.0,1.0,0.0
0.523680118849996,-0.10501345004309515,0.031098225450175085,-0.1479816849603568,0.08307306268206247,-0.06334084990310006,-0.16321484977480444,0.33482026813336513,0.3101106848959121,0.7278743646096686,-0.414789356133546,0.0,1.0,0.0,1.0,1.0,0.0,0.0,1.0,1.0,0.0,1.0,0.0,0.0,0.0,1.0,0.0,0.0
-0.0011172802476646856,0.4810342862059195,-0.42266504825830054,0.010692497431128292,1.2339606102924312,1.6092193462690525,-0.30225636390115235,-0.9336145872116184,-0.1517731202028197,0.7593073418538426,-0.5083894272239612,1.0,0.0,1.0,0.0,1.0,0.0,1.0,0.0,1.0,0.0,1.0,0.0,0.0,0.0,0.0,1.0,0.0
1.385742876456404,-0.10501345004309515,0.031098225450175085,-0.1479816849603568,0.08307306268206247,-0.06334084990310006,-1.2981186371567481,0.048298297511332584,0.05607459209160957,0.09921481972618844,0.33401121258976413,0.0,1.0,1.0,0.0,1.0,0.0,0.0,1.0,1.0,0.0,0.0,1.0,0.0,1.0,0.0,0.0,0.0
-0.4214519528922605,-0.34504548568208326,1.7550599556947117,2.241968846600621,-1.0703831894672682,0.3632708147822681,-0.4449093459268859,-1.0787055486123738,-0.22105569096763014,-0.016039430169116256,0.24041114149935056,1.0,0.0,1.0,0.0,0.0,1.0,0.0,1.0,0.0,1.0,0.0,0.0,1.0,0.0,0.0,0.0,1.0
1.0630057618283275,-0.9238930725522086,1.305872966194636,-0.34688472848911184,-0.3526816202052838,0.43040295058019085,-0.2444728775109818,2.2944632350884344,0.21773392387616555,-0.07890538465746427,0.146811070408937,0.0,1.0,0.0,1.0,1.0,0.0,0.0,1.0,1.0,0.0,1.0,0.0,0.0,0.0,0.0,0.0,1.0
-1.1205291309088083,-0.10501345004309515,0.031098225450175085,-0.1479816849603568,0.08307306268206247,-0.06334084990310006,0.42996875269929025,-0.620165825554851,0.7258061094847716,-0.30941388444807366,-0.2275892139527189,0.0,1.0,1.0,0.0,1.0,0.0,0.0,1.0,1.0,0.0,0.0,1.0,0.0,0.0,0.0,1.0,0.0
-0.6904939186355319,-0.6395875740969453,-0.5018813907257127,-1.478079983511218,-2.3797125299291593,0.538894506888396,0.6159593495176517,0.4733756006421947,1.1876899145835034,0.22494672870288449,-0.32118928504313243,0.0,1.0,1.0,0.0,1.0,0.0,1.0,0.0,1.0,0.0,1.0,0.0,0.0,0.0,1.0,0.0,0.0
-0.9324916346911166,-0.8443429497876777,-1.1086068829107147,-0.41821226319490273,-1.792968349101325,-1.5251040837228311,-0.6417343464434044,0.5630444290394184,-0.1055847396929464,-0.29893622536668235,-0.04038907177189177,0.0,1.0,1.0,0.0,1.0,0.0,0.0,1.0,1.0,0.0,1.0,0.0,0.0,0.0,1.0,0.0,0.0
-0.0011172802476646856,-0.5983996185596623,-0.276865188022132,0.6337526107115234,-0.5684582577669698,-0.7597511859993772,1.2922067136776165,-0.31299126763433255,-0.036302168928136994,-0.31989154352946503,0.70841149695142,0.0,1.0,1.0,0.0,1.0,0.0,0.0,1.0,1.0,0.0,1.0,0.0,0.0,0.0,0.0,0.0,1.0
1.3513950898840366,0.05190290699323729,1.0007107546993654,2.622669104819956,1.1809293183063243,0.2001987669200359,-1.5382812524658946,1.0725620574539634,-1.1217291109101586,-1.6086436105405995,1.1764118524034894,1.0,0.0,1.0,0.0,0.0,1.0,0.0,1.0,1.0,0.0,0.0,0.0,1.0,0.0,0.0,0.0,1.0
0.1289618531557676,1.820832424738647,0.48063443941550316,-0.786470860525146,0.29674859695494993,1.6092193462690525,-0.9478062509163391,-1.4460078923386108,0.7719944899946449,0.5287988420632332,-0.414789356133546,1.0,0.0,0.0,1.0,1.0,0.0,1.0,0.0,1.0,0.0,1.0,0.0,0.0,0.0,0.0,1.0,0.0
-1.023374098251021,-0.10501345004309515,-0.16627612361913185,-1.2004389691871635,-0.8897692534483931,-0.06334084990310006,0.6475596936372763,0.4843554571806303,0.8181828705045182,0.5811871374701899,-0.9763897826760307,1.0,0.0,1.0,0.0,1.0,0.0,1.0,0.0,1.0,0.0,1.0,0.0,0.0,1.0,0.0,0.0,0.0
2.395355316323761,-0.10501345004309515,0.031098225450175085,-0.1479816849603568,0.08307306268206247,-0.06334084990310006,-1.0254528107531309,-0.33364385493281845,-0.17486731045775686,2.299523226818369,2.86121313203094,0.0,1.0,1.0,0.0,1.0,0.0,0.0,1.0,1.0,0.0,1.0,0.0,0.0,0.0,1.0,0.0,0.0
1.0841819418447234,4.046390559791837,0.2195055480786015,0.5645937177028336,3.5207257816284487,-0.05022365835981295,0.7170804507004502,-0.8727025259388688,-0.5443743545367431,-0.44562345250616103,-1.1635899248568577,0.0,1.0,1.0,0.0,1.0,0.0,0.0,1.0,1.0,0.0,1.0,0.0,0.0,0.0,1.0,0.0,0.0
1.0415062688879713,-0.10501345004309515,0.031098225450175085,-0.1479816849603568,0.08307306268206247,-0.06334084990310006,-1.1825516643764071,-0.9066877961768836,-2.7383224287557213,2.739584908236805,-0.32118928504313243,0.0,1.0,1.0,0.0,1.0,0.0,0.0,1.0,1.0,0.0,1.0,0.0,0.0,0.0,0.0,0.0,1.0
-0.6182632434375808,-0.08805780076929885,-0.6451185811864563,0.27025649285429987,-0.7380988962965909,0.02723768269257299,-0.4449093459268859,-1.4711047072836063,0.14845135311135613,1.4508328412256708,-0.8827897115856155,0.0,1.0,1.0,0.0,1.0,0.0,1.0,0.0,1.0,0.0,0.0,1.0,0.0,0.0,0.0,1.0,0.0
0.974965255709564,3.317053149725709,-0.3972531698172864,1.3774397577602848,0.9667922119234938,1.16699041169115,-0.4358806761784218,0.1460713057345444,0.42558163617059586,1.7337296364232369,-0.7891896404952019,0.0,1.0,1.0,0.0,1.0,0.0,0.0,1.0,0.0,1.0,1.0,0.0,0.0,0.0,0.0,1.0,0.0
-0.9324916346911166,-0.10501345004309515,0.031098225450175085,-0.1479816849603568,0.08307306268206247,-0.06334084990310006,1.3915220809107223,1.1941247548437857,1.0260305827989475,-0.22559261179694298,0.70841149695142,0.0,1.0,1.0,0.0,1.0,0.0,0.0,1.0,1.0,0.0,1.0,0.0,0.0,0.0,1.0,0.0,0.0
-0.48404845527268925,-0.10501345004309515,0.031098225450175085,-0.1479816849603568,0.08307306268206247,-0.06334084990310006,2.065060844146148,-0.14280349128858144,1.1415015340736312,-0.09986070282024695,0.4276112836801777,0.0,1.0,1.0,0.0,1.0,0.0,0.0,1.0,1.0,0.0,1.0,0.0,0.0,0.0,1.0,0.0,0.0
-0.8471206828014609,-0.702577836462403,-2.442040244032211,-0.22101739880994423,-1.0935527270034056,-1.8014151007412644,0.26113262840301066,0.20332341482781552,1.1876899145835034,0.5602318193074073,-1.1635899248568577,0.0,1.0,1.0,0.0,1.0,0.0,0.0,1.0,0.0,1.0,1.0,0.0,0.0,0.0,1.0,0.0,0.0
-0.8471206828014609,-0.20905721083535211,0.17065612837885547,0.21764279656852525,-0.027292439286385792,0.9908243271622996,1.3499902000677872,-0.7500941279263383,1.603385339172364,0.5392765011446246,-0.414789356133546,0.0,1.0,1.0,0.0,1.0,0.0,1.0,0.0,0.0,1.0,1.0,0.0,0.0,0.0,0.0,1.0,0.0
0.6720476837731837,-1.3749424330893736,0.1539749876443843,0.9584284137657278,0.4182011281762066,0.72435225645275,-0.7672328559470561,0.2684182785913977,-0.1055847396929464,-0.4561011115875524,0.5212113547705929,1.0,0.0,0.0,1.0,1.0,0.0,0.0,1.0,1.0,0.0,1.0,0.0,0.0,0.0,0.0,0.0,1.0
-0.9324916346911166,-0.10501345004309515,0.031098225450175085,-0.1479816849603568,0.08307306268206247,-0.06334084990310006,0.20064054108830084,-1.2886299486210346,0.12535716285641899,-0.07890538465746427,-0.414789356133546,0.0,1.0,1.0,0.0,1.0,0.0,0.0,1.0,1.0,0.0,1.0,0.0,0.0,0.0,1.0,0.0,0.0
-0.9324916346911166,-0.10501345004309515,0.031098225450175085,-0.1479816849603568,0.08307306268206247,-0.06334084990310006,0.29092723857294234,-0.620165825554851,0.009886211581736287,-1.1057159746338152,-0.7891896404952019,0.0,1.0,1.0,0.0,1.0,0.0,0.0,1.0,1.0,0.0,1.0,0.0,0.0,0.0,0.0,1.0,0.0
1.2982495587782241,-0.10501345004309515,0.39904020046783645,-0.21430180937203971,0.7460831298234111,-0.06334084990310006,-0.5207501718139848,-1.609921464948113,-0.5443743545367431,-0.30941388444807366,0.8956116391322472,1.0,0.0,1.0,0.0,1.0,0.0,0.0,1.0,1.0,0.0,1.0,0.0,0.0,0.0,0.0,0.0,1.0
-0.9324916346911166,-0.7132212622363296,-1.39089175076842,-1.156843974271469,-1.689054454132277,-0.07651862915113564,1.0312781579470027,0.2286816549284881,0.933653821779201,-0.7704308840292925,0.053210999318523446,1.0,0.0,0.0,1.0,1.0,0.0,0.0,1.0,1.0,0.0,1.0,0.0,0.0,0.0,0.0,0.0,1.0
1.5758995445324615,-0.10501345004309515,1.0963057469359665,0.048772637556722086,1.1913477160479098,-0.06334084990310006,-1.5012637064971914,-0.676110808869737,-0.35962083249724996,-1.755330837680078,2.3932127765788707,0.0,1.0,1.0,0.0,1.0,0.0,0.0,1.0,0.0,1.0,0.0,1.0,0.0,0.0,0.0,0.0,1.0
-1.023374098251021,-0.10501345004309515,0.031098225450175085,-0.1479816849603568,0.08307306268206247,-0.06334084990310006,-0.6354142776194796,-0.620165825554851,-0.35962083249724996,0.02587120615644909,-0.13398914286230534,0.0,1.0,1.0,0.0,1.0,0.0,0.0,1.0,1.0,0.0,1.0,0.0,0.0,0.0,1.0,0.0,0.0
-1.2248871942800217,-1.7240762916232162,-1.8173079202097302,-1.4809930696320361,-1.1471731136205319,-0.38298689423492155,1.5206320583137596,0.5648744051291577,-0.24414988122256626,0.5811871374701899,-0.13398914286230534,0.0,1.0,1.0,0.0,1.0,0.0,1.0,0.0,1.0,0.0,1.0,0.0,0.0,0.0,1.0,0.0,0.0
-1.023374098251021,-0.10501345004309515,0.031098225450175085,-0.1479816849603568,0.08307306268206247,-0.06334084990310006,-0.540613245260606,1.2895449366659042,0.3562990654057854,1.7756402727488023,-0.5083894272239612,0.0,1.0,1.0,0.0,1.0,0.0,0.0,1.0,1.0,0.0,1.0,0.0,0.0,0.0,0.0,0.0,1.0
0.974965255709564,-0.10501345004309515,1.6020235154609883,-1.3602066163698547,0.44999836496337825,-0.06334084990310006,-1.5527271240634373,0.7329707802294925,-2.9230759507952144,-0.5189670660759004,1.4572120656747318,0.0,1.0,1.0,0.0,1.0,0.0,0.0,1.0,1.0,0.0,1.0,0.0,0.0,0.0,0.0,0.0,1.0
0.4265250861922086,0.09171787958934845,0.7328924100609603,1.4310620459751748,1.4996142370885275,-0.7597511859993772,-0.9261374435200251,-0.9160991017812569,-0.7291278765762352,0.5078435239004505,-0.7891896404952019,1.0,0.0,1.0,0.0,1.0,0.0,1.0,0.0,1.0,0.0,1.0,0.0,0.0,0.0,0.0,0.0,1.0
1.2241172095112227,0.13095159091029693,-1.9685187165970663,-0.826954664170712,-0.7982885730172345,1.380858771160879,-0.6643060208145648,0.46788567237297696,-1.7221780575385104,-1.1161936337152065,0.24041114149935056,1.0,0.0,1.0,0.0,0.0,1.0,0.0,1.0,1.0,0.0,0.0,1.0,0.0,0.0,0.0,0.0,1.0
1.3686737046275503,-0.7562215635154421,1.7907710948583815,-0.10042322670774559,1.1260504400452986,-0.5339736659657198,-0.9360689802433357,1.6152806806394924,0.5179583971903424,1.0945924324583653,0.4276112836801777,0.0,1.0,0.0,1.0,1.0,0.0,0.0,1.0,1.0,0.0,1.0,0.0,0.0,0.0,0.0,0.0,1.0
-0.9324916346911166,-1.102725873026461,-2.2324730247735425,-1.9664843722267704,-0.9896080344905864,0.22407325046701948,0.7631266664176174,0.6566346347717976,0.287016494640976,-0.33036920261085634,-0.2275892139527189,0.0,1.0,1.0,0.0,1.0,0.0,1.0,0.0,1.0,0.0,1.0,0.0,0.0,0.0,0.0,1.0,0.0
0.086923225871099,-0.618914691426704,1.584556518268765,3.4221207105827154,-0.1614479907004,-0.44242621363415335,1.223588823589289,0.29377651869207033,-0.7291278765762352,-0.41419047526198705,1.5508121367651453,1.0,0.0,1.0,0.0,1.0,0.0,0.0,1.0,1.0,0.0,0.0,1.0,0.0,0.0,0.0,1.0,0.0
-0.6182632434375808,0.2823979380346577,-1.6812448673118716,-1.0662076824625304,0.44720875975793634,-0.6285563874782238,0.4444146242968329,0.49951811620989844,-0.036302168928136994,0.2878126831912325,-0.7891896404952019,0.0,1.0,1.0,0.0,1.0,0.0,0.0,1.0,1.0,0.0,1.0,0.0,0.0,0.0,1.0,0.0,0.0
0.04359090126611189,0.0033330037835686984,0.06735359837343674,0.31057512268268983,-0.6504191128089188,0.15184194595703776,-0.33295384104593045,-0.2936458061142318,-0.08249054943801028,-0.5608777024014657,-1.0699898537664443,0.0,1.0,1.0,0.0,1.0,0.0,1.0,0.0,0.0,1.0,1.0,0.0,0.0,0.0,0.0,1.0,0.0
-0.4214519528922605,-0.10501345004309515,0.031098225450175085,-0.1479816849603568,0.08307306268206247,-0.06334084990310006,-0.25982161608337084,0.8121826023996347,-0.22105569096763014,-0.13129368006442096,-0.9763897826760307,0.0,1.0,1.0,0.0,1.0,0.0,0.0,1.0,1.0,0.0,1.0,0.0,0.0,1.0,0.0,0.0,0.0
-0.19565912721698053,-0.10501345004309515,0.031098225450175085,-0.1479816849603568,0.08307306268206247,-0.06334084990310006,-0.523458772738524,0.14371847933345108,-0.5905627350466154,-0.257025589041117,-0.2275892139527189,0.0,1.0,1.0,0.0,1.0,0.0,0.0,1.0,1.0,0.0,1.0,0.0,0.0,0.0,0.0,1.0,0.0
1.881205903189468,2.804601640531082,1.7806632719890738,0.7408826805886105,0.8953424560850681,1.0089385729984723,-1.0200356089040523,0.5993825256785266,-0.706033686321299,1.3251009322489748,-0.32118928504313243,0.0,1.0,1.0,0.0,1.0,0.0,1.0,0.0,1.0,0.0,1.0,0.0,0.0,0.0,0.0,0.0,1.0
-0.4214519528922605,-0.10501345004309515,-1.290142265481959,-0.12688480234413052,-0.2834212056708843,-0.06334084990310006,0.24217242193123592,0.23103448132958143,0.610335158210088,-1.4829117015639033,-0.414789356133546,0.0,1.0,1.0,0.0,1.0,0.0,1.0,0.0,1.0,0.0,1.0,0.0,0.0,0.0,0.0,1.0,0.0
-0.4214519528922605,-0.10501345004309515,0.031098225450175085,-0.1479816849603568,0.08307306268206247,-0.06334084990310006,-0.6832662272863395,1.0030229660438716,-0.19796150071269297,0.03634886523784043,0.146811070408937,0.0,1.0,0.0,1.0,1.0,0.0,0.0,1.0,1.0,0.0,0.0,1.0,0.0,0.0,0.0,0.0,1.0
-0.19565912721698053,-0.10501345004309515,0.031098225450175085,-0.1479816849603568,0.08307306268206247,-0.06334084990310006,-0.025076202623302925,-0.9066877961768836,0.3793932556607226,-1.7134202013545128,0.24041114149935056,0.0,1.0,0.0,1.0,1.0,0.0,0.0,1.0,1.0,0.0,1.0,0.0,0.0,0.0,0.0,0.0,1.0
0.3578192925196478,-0.10501345004309515,0.031098225450175085,-0.1479816849603568,0.08307306268206247,-0.06334084990310006,-0.45845235054958217,1.6714870891100553,-0.7984104473410456,-1.2209702245291199,-0.6955895694047883,0.0,1.0,0.0,1.0,1.0,0.0,0.0,1.0,1.0,0.0,1.0,0.0,0.0,0.0,0.0,1.0,0.0
-0.7666308083607687,0.2823979380346577,-0.8749771609181467,0.46167444636931004,1.0362778253204132,-1.5251040837228311,1.8113552242143054,0.14946983275834588,0.47177001668046914,0.18303609237731913,-0.2275892139527189,1.0,0.0,1.0,0.0,1.0,0.0,1.0,0.0,1.0,0.0,1.0,0.0,0.0,0.0,1.0,0.0,0.0
-0.0011172802476646856,-0.10501345004309515,0.031098225450175085,-0.1479816849603568,0.08307306268206247,-0.06334084990310006,-1.1419226505083184,-0.23822367311069995,1.3955376268779327,-0.5818330205642485,-1.6315902803089273,0.0,1.0,1.0,0.0,1.0,0.0,0.0,1.0,1.0,0.0,1.0,0.0,0.0,0.0,0.0,1.0,0.0
-1.1205291309088083,-0.5882005114600118,-1.1963467386481264,-0.048755056778443176,0.5042441172655913,-1.1168396471231543,1.9007390547241003,0.5094522721256258,0.610335158210088,-0.7809085431106838,0.4276112836801777,0.0,1.0,1.0,0.0,1.0,0.0,1.0,0.0,1.0,0.0,1.0,0.0,0.0,0.0,0.0,1.0,0.0
-0.7666308083607687,-0.7454068145339091,-0.47495979984381276,-0.6252528769990899,-0.48368746220982245,-1.5693372819346902,0.5202554501839317,1.5052206900994598,1.118407343818694,-0.09986070282024695,0.24041114149935056,0.0,1.0,1.0,0.0,1.0,0.0,0.0,1.0,1.0,0.0,1.0,0.0,0.0,0.0,0.0,1.0,0.0
-1.1205291309088083,-0.9238930725522086,-1.4442121500172962,-2.153553683747055,-1.9730205943311891,0.6638626944004232,-0.08647115691285914,0.5332419612922362,0.5179583971903424,0.7383520236910599,-0.6019894983143748,1.0,0.0,1.0,0.0,1.0,0.0,1.0,0.0,1.0,0.0,1.0,0.0,0.0,0.0,0.0,1.0,0.0
-0.6904939186355319,-0.10501345004309515,0.031098225450175085,-0.1479816849603568,0.08307306268206247,-0.06334084990310006,0.8191044188580952,0.14371847933345108,-0.8215046375959818,-0.6761319522967705,1.4572120656747318,0.0,1.0,0.0,1.0,1.0,0.0,0.0,1.0,1.0,0.0,1.0,0.0,0.0,0.0,1.0,0.0,0.0
-0.48404845527268925,0.46732271822127996,-1.0667729387075822,0.13863518455980828,-0.6119340904631504,-2.1073848973805367,0.6908973084299042,-0.174958785436857,0.2639223043860388,0.07825950156340578,-1.6315902803089273,1.0,0.0,1.0,0.0,1.0,0.0,1.0,0.0,1.0,0.0,1.0,0.0,0.0,0.0,0.0,1.0,0.0
-0.6182632434375808,-0.10501345004309515,0.031098225450175085,-0.1479816849603568,0.08307306268206247,-0.06334084990310006,-0.7491755164501278,1.5760669072879367,0.1946397336212294,-0.12081602098302961,0.053210999318523446,0.0,1.0,1.0,0.0,1.0,0.0,0.0,1.0,1.0,0.0,1.0,0.0,0.0,0.0,0.0,1.0,0.0
-1.023374098251021,-1.3477961265660123,-0.8396635933067498,-0.6831865486074741,-1.7042628618082283,-1.899803613946168,-0.44581221290173234,0.5403004404955162,0.6334293484650251,0.2563797059470585,-0.8827897115856155,0.0,1.0,1.0,0.0,1.0,0.0,1.0,0.0,1.0,0.0,1.0,0.0,0.0,0.0,1.0,0.0,0.0
1.3686737046275503,3.033636319867487,1.6752231693525437,1.658622406916645,1.4172991686073764,2.651571680905674,-0.45122941475081085,-1.8744837224932744,-0.5443743545367431,0.7802626600166253,-0.8827897115856155,0.0,1.0,1.0,0.0,1.0,0.0,0.0,1.0,1.0,0.0,1.0,0.0,0.0,0.0,0.0,1.0,0.0
0.1697817963019562,-1.4863557548187443,-0.30010500031440174,-0.13835832743802598,0.14096724611312722,-0.2117564646767962,-1.6403052206235393,-0.14620201831238294,0.40248744591565866,-1.5248223378894687,0.33401121258976413,0.0,1.0,1.0,0.0,0.0,1.0,0.0,1.0,0.0,1.0,0.0,0.0,1.0,0.0,0.0,0.0,1.0
0.5546305830649679,0.3550364543444037,0.9361801913042097,0.048772637556722086,1.2818929147544884,-2.574217047435169,-0.5090129011409814,-0.5166414639067444,0.009886211581736287,-1.095238315552424,-0.6019894983143748,0.0,1.0,1.0,0.0,1.0,0.0,1.0,0.0,1.0,0.0,1.0,0.0,0.0,0.0,1.0,0.0,0.0
0.20945172759645975,-0.10501345004309515,0.3707163444659377,2.5069785032128094,-1.7147446197170966,-0.06334084990310006,-0.8367536130102301,1.6150192554838152,-0.9138813986157284,-0.4351457934247697,0.24041114149935056,1.0,0.0,1.0,0.0,1.0,0.0,0.0,1.0,1.0,0.0,1.0,0.0,0.0,0.0,0.0,0.0,1.0
-1.1205291309088083,-0.618914691426704,-0.7389141080202882,-0.28133911514905585,-1.1930390068052739,-0.827682588964571,-0.8421708148593086,0.7452577625463132,-1.7221780575385104,-0.257025589041117,0.053210999318523446,0.0,1.0,1.0,0.0,1.0,0.0,1.0,0.0,1.0,0.0,1.0,0.0,0.0,0.0,1.0,0.0,0.0
0.086923225871099,-0.10501345004309515,-1.4442121500172962,0.4510158497966781,0.4182011281762066,-0.06334084990310006,0.5211583171587781,0.3850138980233562,1.0029363925440113,0.7488296827724513,-0.5083894272239612,1.0,0.0,1.0,0.0,1.0,0.0,1.0,0.0,0.0,1.0,1.0,0.0,0.0,0.0,1.0,0.0,0.0
0.3578192925196478,-0.8781479426255099,0.0851250398426703,0.020006072778334258,-0.5684582577669698,-0.6933997272168373,0.6592969643102797,-1.9306901309638373,-0.17486731045775686,2.488121090283413,-0.8827897115856155,1.0,0.0,1.0,0.0,1.0,0.0,0.0,1.0,0.0,1.0,1.0,0.0,0.0,0.0,1.0,0.0,0.0
-0.7666308083607687,-0.5882005114600118,-1.290142265481959,0.27025649285429987,0.07500116547594045,-1.3136752148975983,1.0574613002175488,0.5220006795981236,-0.3365266422423128,-0.5189670660759004,-0.8827897115856155,1.0,0.0,1.0,0.0,1.0,0.0,1.0,0.0,1.0,0.0,1.0,0.0,0.0,0.0,1.0,0.0,0.0
0.04359090126611189,-0.10501345004309515,0.031098225450175085,-0.1479816849603568,0.08307306268206247,-0.06334084990310006,0.0543760911631816,-1.6705721010651855,0.610335158210088,-0.02651708925050759,-0.7891896404952019,0.0,1.0,1.0,0.0,1.0,0.0,0.0,1.0,1.0,0.0,1.0,0.0,0.0,0.0,0.0,1.0,0.0
-0.9324916346911166,-0.702577836462403,-0.7389141080202882,-0.8094811897776283,-1.3738082022627145,-0.7935147059115915,1.3707561404892548,1.3075832724076197,0.7719944899946449,0.8431286145049733,0.6148114258610065,0.0,1.0,0.0,1.0,1.0,0.0,0.0,1.0,0.0,1.0,1.0,0.0,0.0,0.0,0.0,0.0,1.0
-0.24880465832279308,-0.10501345004309515,0.8684332828435808,0.5934271680471463,0.31642065727666274,-0.06334084990310006,-0.4331720752538825,-0.2400536492004392,-0.9831639693805387,1.2203243414350615,-1.0699898537664443,1.0,0.0,1.0,0.0,1.0,0.0,1.0,0.0,1.0,0.0,1.0,0.0,0.0,0.0,0.0,0.0,1.0
1.9510477916667923,-1.6324494114287011,2.8511836506366945,-0.5961930497671396,2.289399288763848,1.6956800275822554,-1.6213450141517647,0.3280232140857622,-1.6067071062638276,0.2878126831912325,1.5508121367651453,1.0,0.0,1.0,0.0,1.0,0.0,0.0,1.0,0.0,1.0,0.0,0.0,1.0,0.0,0.0,0.0,1.0
-0.9324916346911166,-0.4204879552432058,0.031098225450175085,-0.3866217068719768,0.3291258883219392,-0.862264638256926,-0.0476478769944633,1.5198604988173738,-0.3365266422423128,0.41354459216792855,-0.8827897115856155,0.0,1.0,1.0,0.0,1.0,0.0,1.0,0.0,1.0,0.0,0.0,1.0,0.0,0.0,1.0,0.0,0.0
2.0390882977855562,0.4946762520229455,0.5945192531012072,0.7016249675288722,0.796821807526075,2.2487689959930544,-1.6755170326425497,0.13822855106423332,-0.9600697791256017,-0.9485510884129452,0.8020115680418336,1.0,0.0,1.0,0.0,1.0,0.0,0.0,1.0,0.0,1.0,0.0,1.0,0.0,0.0,0.0,0.0,1.0
-0.6904939186355319,0.909922049945097,-0.30010500031440174,-1.063948678288407,-0.7011953650668636,1.300487706108276,0.8516076299525661,0.4341618272906392,-1.0755407304002853,0.4764105466562765,-1.2571899959472714,1.0,0.0,1.0,0.0,1.0,0.0,1.0,0.0,1.0,0.0,1.0,0.0,0.0,0.0,1.0,0.0,0.0
-0.14444659495158002,-0.7889294093712148,-0.1451982453843361,2.420308014743398,-1.5508080029722349,-0.5031302938365038,-0.0016016612772961332,0.4054050601661651,-2.2071560528921794,-0.7599532249479011,-0.414789356133546,1.0,0.0,1.0,0.0,1.0,0.0,0.0,1.0,0.0,1.0,0.0,1.0,0.0,0.0,0.0,0.0,1.0
0.4920340806845394,0.222839567140694,1.305872966194636,0.5233502615554965,-0.5107235166513246,0.4742958799461675,-0.3473997126434731,-0.6068331426153221,-0.8676930181058551,0.6545307510399293,0.4276112836801777,0.0,1.0,1.0,0.0,1.0,0.0,0.0,1.0,0.0,1.0,1.0,0.0,0.0,0.0,0.0,1.0,0.0
-0.30403485218404475,0.02772767804850561,-2.2324730247735425,-1.4265156083058772,0.3291258883219392,-0.2960872585189873,0.7847954738139313,1.1601394846057709,1.0491247730538846,-0.9485510884129452,-0.6019894983143748,0.0,1.0,0.0,1.0,1.0,0.0,1.0,0.0,1.0,0.0,1.0,0.0,0.0,0.0,0.0,0.0,1.0
-0.7666308083607687,-0.10501345004309515,-0.276865188022132,-1.1640293110405182,-0.36163428777535445,-0.06334084990310006,-1.1003907696653832,1.0176627747617857,0.7489002997397078,-0.23607027087833432,0.24041114149935056,0.0,1.0,1.0,0.0,1.0,0.0,0.0,1.0,1.0,0.0,1.0,0.0,0.0,0.0,0.0,0.0,1.0
0.3221670228209951,-0.10501345004309515,0.031098225450175085,-0.1479816849603568,0.08307306268206247,-0.06334084990310006,-0.18217505624657915,-1.6705721010651855,1.3493492463680605,1.702296659179063,-0.2275892139527189,0.0,1.0,1.0,0.0,1.0,0.0,0.0,1.0,1.0,0.0,1.0,0.0,0.0,0.0,0.0,1.0,0.0
-0.9324916346911166,-0.24465324772163696,-1.4997094847406274,1.1275394685960787,1.6784314010133479,-0.7263825701136687,-0.14244890935333687,-0.9265561080083383,-0.3134324519873767,0.4973658648190592,0.146811070408937,0.0,1.0,1.0,0.0,1.0,0.0,0.0,1.0,1.0,0.0,1.0,0.0,0.0,0.0,0.0,0.0,1.0
0.523680118849996,-0.021285136257433546,2.470046386279492,-0.9654039528508644,0.3591677434603802,1.8342016093958429,0.0959079720061167,-1.4650919287030346,1.118407343818694,0.926949887156104,-0.13398914286230534,1.0,0.0,0.0,1.0,1.0,0.0,1.0,0.0,1.0,0.0,1.0,0.0,0.0,0.0,0.0,1.0,0.0
-0.7666308083607687,-0.935452064544655,1.1934539164388525,3.0500973554322233,0.31073150328474336,-0.38298689423492155,1.4962546499929064,1.351241273405685,0.8643712510143915,0.41354459216792855,0.24041114149935056,1.0,0.0,1.0,0.0,1.0,0.0,1.0,0.0,1.0,0.0,1.0,0.0,0.0,0.0,0.0,1.0,0.0
-0.8471206828014609,-1.4161830607124075,-0.9484813272789572,-1.774076869150476,-1.884900189089954,0.2001987669200359,-0.17314638649811498,-1.4499292696737665,0.8181828705045182,-1.0428500201454671,-0.414789356133546,0.0,1.0,1.0,0.0,1.0,0.0,0.0,1.0,0.0,1.0,1.0,0.0,0.0,0.0,0.0,1.0,0.0
-0.9324916346911166,-0.2716631383420608,-0.8749771609181467,-0.4801331476686515,-0.841290652425196,-0.7935147059115915,0.4742092344667646,-0.8690425737593902,1.3031608658581861,1.953760477132455,1.1764118524034894,0.0,1.0,1.0,0.0,1.0,0.0,1.0,0.0,1.0,0.0,0.0,1.0,0.0,0.0,0.0,1.0,0.0
-0.04729156229379233,-0.14787658345206428,-0.025164806794556814,-0.15895729041412368,0.19602423681901632,0.2001987669200359,-0.4683838872728927,-1.1116451182276805,-0.3134324519873767,-1.1790595882035546,-0.8827897115856155,1.0,0.0,1.0,0.0,1.0,0.0,0.0,1.0,0.0,1.0,1.0,0.0,0.0,0.0,0.0,1.0,0.0
-0.7666308083607687,-0.3919482729234494,1.0185991169094408,-1.0707351055145602,-0.09786276456975711,1.2009549096693757,0.6295023541403479,0.15835828805136515,0.7027119192298346,0.8850392508305387,-0.6019894983143748,0.0,1.0,1.0,0.0,1.0,0.0,1.0,0.0,1.0,0.0,1.0,0.0,0.0,0.0,0.0,1.0,0.0
-0.14444659495158002,0.909922049945097,0.9825838739723737,0.09820050188361533,-0.09786276456975711,0.2001987669200359,1.7093312560566605,-0.19351997148992664,-0.3365266422423128,-0.8752074748432058,-0.5083894272239612,0.0,1.0,0.0,1.0,1.0,0.0,1.0,0.0,1.0,0.0,1.0,0.0,0.0,0.0,1.0,0.0,0.0
0.9287909736634361,4.255773100184638,0.06735359837343674,1.059655895881993,-0.793724297939483,1.300487706108276,-0.24357001053613536,0.21613324745599033,-0.6598453058114258,-0.7809085431106838,0.146811070408937,1.0,0.0,1.0,0.0,1.0,0.0,0.0,1.0,0.0,1.0,1.0,0.0,0.0,0.0,0.0,1.0,0.0
-0.5495574497650201,0.6144344490910609,0.49376976781474635,-0.11297041146530074,-0.5380518584254996,0.07773429535185597,-0.8096676037648376,1.1807920719042568,1.1415015340736312,1.7442072955046282,-1.0699898537664443,0.0,1.0,1.0,0.0,1.0,0.0,1.0,0.0,1.0,0.0,1.0,0.0,0.0,0.0,0.0,0.0,1.0
-0.8471206828014609,-0.10501345004309515,0.031098225450175085,-0.1479816849603568,0.08307306268206247,-0.06334084990310006,-1.565367261711287,0.14371847933345108,-1.2372000621848414,0.6650084101213206,-0.7891896404952019,0.0,1.0,1.0,0.0,1.0,0.0,0.0,1.0,1.0,0.0,0.0,1.0,0.0,0.0,0.0,0.0,1.0
-0.8471206828014609,-0.10501345004309515,0.031098225450175085,-0.1479816849603568,0.08307306268206247,-0.06334084990310006,0.13021691705028046,2.339951212176239,1.0722189633088208,-0.09986070282024695,0.5212113547705929,0.0,1.0,1.0,0.0,1.0,0.0,0.0,1.0,1.0,0.0,0.0,1.0,0.0,0.0,0.0,0.0,1.0
-0.8471206828014609,-2.4307240452011096,-1.8908120865705407,-1.9315155904822459,-2.0492923235629745,-1.899803613946168,2.043392036749834,-1.1458918136213723,0.2408281141311027,0.09921481972618844,0.24041114149935056,0.0,1.0,1.0,0.0,1.0,0.0,1.0,0.0,1.0,0.0,1.0,0.0,0.0,1.0,0.0,0.0,0.0
-0.8471206828014609,-1.5006128784162347,-0.7389141080202882,-1.2226816817178983,0.17331578118081534,-0.3247607072595878,0.3658651974851948,1.1580480833603546,-0.036302168928136994,-0.9590287474943365,0.24041114149935056,1.0,0.0,1.0,0.0,1.0,0.0,0.0,1.0,1.0,0.0,1.0,0.0,0.0,0.0,0.0,0.0,1.0
1.9048735096206648,1.9346904836790946,2.1780920644493427,0.902655483279186,0.990166951723116,0.6841687170257569,-0.8602281543562369,-1.2305935640607324,0.12535716285641899,2.2576125904928035,-0.8827897115856155,0.0,1.0,1.0,0.0,1.0,0.0,0.0,1.0,1.0,0.0,1.0,0.0,0.0,0.0,0.0,1.0,0.0
-1.023374098251021,-2.1074596060044173,1.560912515126691,-1.3683492040832992,-1.8989829385704975,-1.8501852479106968,0.26564696327724274,-1.2831400203518168,1.256972485348314,-0.9380734293315538,-0.7891896404952019,0.0,1.0,1.0,0.0,1.0,0.0,0.0,1.0,1.0,0.0,1.0,0.0,0.0,0.0,1.0,0.0,0.0
1.2616711532789249,-0.7889294093712148,1.3827801278574534,0.4429759095383038,1.0362778253204132,-0.5339736659657198,-1.4452859540567138,-0.06385309427411628,-0.19796150071269297,-1.2943138380988592,1.2700119234939031,0.0,1.0,1.0,0.0,1.0,0.0,0.0,1.0,0.0,1.0,0.0,1.0,0.0,0.0,0.0,1.0,0.0
-0.7666308083607687,-0.10501345004309515,-0.6756703368776694,-1.0482227137590594,-1.157683927074986,-0.06334084990310006,-0.640831479468558,0.5468360693874421,-2.830699189775468,-1.0428500201454671,0.24041114149935056,0.0,1.0,0.0,1.0,0.0,1.0,0.0,1.0,1.0,0.0,0.0,0.0,1.0,0.0,0.0,0.0,1.0
0.3925911686703216,-0.10501345004309515,0.031098225450175085,-0.1479816849603568,0.08307306268206247,-0.06334084990310006,-1.6547510922210822,-0.42906403675493693,0.14845135311135613,-1.189537247284946,2.6740129898501115,0.0,1.0,1.0,0.0,1.0,0.0,0.0,1.0,1.0,0.0,0.0,1.0,0.0,0.0,0.0,0.0,1.0
1.2241172095112227,1.5131072584591416,1.2914101073107291,0.6885828592172019,0.46851747338652094,0.8606982621748697,-1.02816141167767,-1.6559322923472715,0.6796177289748984,-0.5818330205642485,0.053210999318523446,0.0,1.0,1.0,0.0,1.0,0.0,1.0,0.0,0.0,1.0,1.0,0.0,0.0,0.0,1.0,0.0,0.0
0.3578192925196478,0.8982374163416222,0.04934676673595742,0.22175085482579684,-0.13390074297685575,3.535084720324032,1.2723436402309956,1.0098200200914746,0.3101106848959121,1.9118498408068896,-0.7891896404952019,1.0,0.0,1.0,0.0,1.0,0.0,1.0,0.0,0.0,1.0,0.0,1.0,0.0,0.0,0.0,1.0,0.0
-0.4214519528922605,0.20016043259162097,0.031098225450175085,0.6289659075626103,1.8163684007379732,-1.3547260545698843,1.793297884717377,-1.3330722250861309,0.40248744591565866,1.304145614086192,0.33401121258976413,1.0,0.0,1.0,0.0,1.0,0.0,1.0,0.0,1.0,0.0,1.0,0.0,0.0,0.0,1.0,0.0,0.0
-0.48404845527268925,-0.10501345004309515,0.031098225450175085,-0.1479816849603568,0.08307306268206247,-0.06334084990310006,-1.1247681779862364,1.5760669072879367,-1.2372000621848414,-0.8542521566804232,0.146811070408937,0.0,1.0,1.0,0.0,1.0,0.0,0.0,1.0,1.0,0.0,1.0,0.0,0.0,0.0,0.0,1.0,0.0
-0.19565912721698053,0.7539095032217513,-0.8052441368182137,0.3451727454671535,1.0436369192916306,-0.26769912245775224,-0.8918284984758613,1.1303370168585887,-0.3365266422423128,-0.22559261179694298,-0.5083894272239612,1.0,0.0,1.0,0.0,1.0,0.0,1.0,0.0,1.0,0.0,1.0,0.0,0.0,0.0,1.0,0.0,0.0
0.4265250861922086,-0.618914691426704,0.32709241196826033,-0.8644700136162092,0.29872270638272513,-0.23959067701337036,-1.571687330535212,0.7946671169692732,-0.706033686321299,-1.0009393838199019,1.1764118524034894,0.0,1.0,1.0,0.0,1.0,0.0,0.0,1.0,0.0,1.0,1.0,0.0,0.0,0.0,0.0,0.0,1.0
-0.6904939186355319,0.14648609367416196,-0.2540159793565436,-0.9069644085388591,0.26794940004534334,-1.899803613946168,1.0141236854249207,-0.33024532790901695,0.6334293484650251,0.8431286145049733,-0.13398914286230534,1.0,0.0,1.0,0.0,1.0,0.0,1.0,0.0,1.0,0.0,1.0,0.0,0.0,0.0,1.0,0.0,0.0
2.219101900874201,2.421352743870556,1.6969755680245489,1.1859101796192129,0.7715797692098716,0.6228118547281398,-1.0778190952942228,-1.4039184422746078,-0.1517731202028197,0.13064779697036244,0.70841149695142,0.0,1.0,1.0,0.0,1.0,0.0,0.0,1.0,1.0,0.0,1.0,0.0,0.0,0.0,0.0,1.0,0.0
-1.023374098251021,-0.09652225342087026,-0.06401018986165231,0.3480230019511241,1.2758670549432265,-1.2333041498449953,0.5861647393477201,-0.29286153064720066,0.3562990654057854,1.0526817961328,-0.8827897115856155,0.0,1.0,1.0,0.0,1.0,0.0,1.0,0.0,1.0,0.0,1.0,0.0,0.0,0.0,0.0,1.0,0.0
-1.1205291309088083,-2.533704517554084,-2.13867749793971,-0.4334733414591145,-2.0492923235629745,-0.7597511859993772,0.592484808171645,-0.013136614072771108,0.009886211581736287,0.8221732963421906,-0.414789356133546,1.0,0.0,1.0,0.0,1.0,0.0,1.0,0.0,1.0,0.0,1.0,0.0,0.0,0.0,1.0,0.0,0.0
-0.5495574497650201,-0.10501345004309515,0.031098225450175085,-0.1479816849603568,0.08307306268206247,-0.06334084990310006,0.24849249075516083,1.2895449366659042,-0.013207978673199842,-0.9380734293315538,-0.8827897115856155,0.0,1.0,1.0,0.0,1.0,0.0,0.0,1.0,1.0,0.0,1.0,0.0,0.0,0.0,0.0,1.0,0.0
-0.8471206828014609,-0.3637084877349588,-0.8396635933067498,0.32508015390181744,0.5600209401292671,-0.565154130803418,0.38843687185635517,-1.4033955919632537,-1.3757652037144612,1.3146232731675835,-1.0699898537664443,0.0,1.0,1.0,0.0,1.0,0.0,1.0,0.0,0.0,1.0,1.0,0.0,0.0,0.0,1.0,0.0,0.0
-0.04729156229379233,0.5882788996185505,-0.47495979984381276,-0.4015884901941269,-0.0623313444851382,-0.3247607072595878,-0.1677291846490365,0.18606935455313106,0.3562990654057854,-0.5818330205642485,0.6148114258610065,1.0,0.0,1.0,0.0,1.0,0.0,0.0,1.0,1.0,0.0,1.0,0.0,0.0,0.0,1.0,0.0,0.0
1.5153229173739722,-0.10501345004309515,0.031098225450175085,-0.1479816849603568,0.08307306268206247,-0.06334084990310006,-0.6020081995501622,-0.811006189199088,-1.5605187257539543,-0.6551766341339877,-0.32118928504313243,0.0,1.0,1.0,0.0,1.0,0.0,0.0,1.0,1.0,0.0,1.0,0.0,0.0,0.0,1.0,0.0,0.0
-0.5495574497650201,0.06789974883961322,-0.52934688876162,-0.8485687045558069,-0.7380988962965909,-0.05022365835981295,-0.20384386364289311,-1.8190615894897426,0.5641467777002157,-0.14177133914581228,-0.9763897826760307,1.0,0.0,1.0,0.0,1.0,0.0,1.0,0.0,1.0,0.0,1.0,0.0,0.0,0.0,0.0,1.0,0.0
-0.8471206828014609,-0.25362641630908406,-0.7716746309127279,-1.2053556282721671,-0.13390074297685575,-1.438643402409628,1.9865114173345098,-0.5176871645294525,1.3955376268779327,0.7173967055282773,0.5212113547705929,0.0,1.0,1.0,0.0,1.0,0.0,1.0,0.0,1.0,0.0,1.0,0.0,0.0,0.0,1.0,0.0,0.0
-1.023374098251021,-0.4204879552432058,-0.9112325338414089,-2.1186887981779097,-1.7482265263392227,0.8030602587156718,-0.2823932904545312,0.7418592355225117,1.6957621001921106,-0.29893622536668235,-0.13398914286230534,1.0,0.0,1.0,0.0,1.0,0.0,1.0,0.0,1.0,0.0,1.0,0.0,0.0,0.0,1.0,0.0,0.0
0.9520673620245729,0.3550364543444037,0.9075581675385745,0.5301555793784993,0.20525558120035411,0.5811617115907967,-0.5153329699649063,0.9031585565752436,0.03298040183667242,0.6964413873654947,2.1124125633076285,0.0,1.0,1.0,0.0,1.0,0.0,0.0,1.0,1.0,0.0,1.0,0.0,0.0,0.0,0.0,0.0,1.0
-0.09503136916388966,1.0573725275703239,0.04934676673595742,-0.4488786664570986,-0.09786276456975711,-0.024168827641430145,0.16091439419505857,-1.1061551899584627,0.10226297260148286,-1.2000149063663372,0.146811070408937,1.0,0.0,1.0,0.0,1.0,0.0,0.0,1.0,0.0,1.0,1.0,0.0,0.0,0.0,0.0,1.0,0.0
2.2284586757252143,0.8390398357681734,0.7328924100609603,0.4554654055241986,0.43134258291722327,0.9725943345612023,-1.4380630182579426,1.026289804899128,-2.4611921456964816,-0.477056429750335,0.24041114149935056,1.0,0.0,1.0,0.0,0.0,1.0,0.0,1.0,1.0,0.0,0.0,0.0,1.0,0.0,0.0,0.0,1.0
1.2616711532789249,2.9936634238692315,0.282022121603824,1.3375851207471399,1.3478978916286644,0.538894506888396,-0.5640877866066127,0.9588421147344524,-0.9831639693805387,0.45545522849349385,0.146811070408937,1.0,0.0,0.0,1.0,1.0,0.0,0.0,1.0,1.0,0.0,1.0,0.0,0.0,0.0,0.0,0.0,1.0
-1.023374098251021,-0.5377776159229144,-2.68990565540138,-0.2702041700422054,-0.6561707580520552,-0.41255176124083076,1.1992114152684359,-0.6102316696391236,1.3493492463680605,2.0690147270277595,-0.6955895694047883,0.0,1.0,1.0,0.0,1.0,0.0,1.0,0.0,1.0,0.0,1.0,0.0,0.0,0.0,1.0,0.0,0.0
-0.6904939186355319,1.5224064424614214,0.11998581946876329,-0.5709753535573617,0.07500116547594045,1.3489815218198,-0.136128840529412,-1.538813822603959,-0.3365266422423128,0.6964413873654947,0.4276112836801777,0.0,1.0,1.0,0.0,1.0,0.0,1.0,0.0,1.0,0.0,1.0,0.0,0.0,0.0,1.0,0.0,0.0
0.6435984447879571,0.5082493187290615,-0.276865188022132,0.06240230235491629,0.7715797692098716,0.49599168134457666,-0.9234288425954859,1.0312568828569917,-0.682939496066362,-1.0428500201454671,-0.6955895694047883,1.0,0.0,1.0,0.0,1.0,0.0,0.0,1.0,1.0,0.0,1.0,0.0,0.0,0.0,0.0,0.0,1.0
-0.6904939186355319,0.2527837376005969,0.012601397082464882,1.3561007395689402,-0.4423448066929371,0.9542471064755109,0.11125671057850575,0.5857884175833207,0.3562990654057854,0.14112545605175378,-0.9763897826760307,0.0,1.0,1.0,0.0,1.0,0.0,0.0,1.0,1.0,0.0,1.0,0.0,0.0,0.0,0.0,0.0,1.0
-0.5495574497650201,0.09961057687826434,0.031098225450175085,-2.5506263123103756,-0.3783452618904559,-0.47261680366810266,-0.5658935205563055,0.2129961455878659,-0.29033826173243954,-0.13129368006442096,-0.5083894272239612,0.0,1.0,1.0,0.0,1.0,0.0,0.0,1.0,1.0,0.0,1.0,0.0,0.0,0.0,0.0,1.0,0.0
2.395355316323761,-0.10501345004309515,0.031098225450175085,-0.1479816849603568,0.08307306268206247,-0.06334084990310006,-0.7509812503998207,-0.047121884310785914,-0.3134324519873767,1.3460562504117575,-0.6955895694047883,0.0,1.0,1.0,0.0,1.0,0.0,0.0,1.0,1.0,0.0,1.0,0.0,0.0,0.0,0.0,1.0,0.0
3.0204948076992912,0.23785335755916281,1.512353927797999,0.9400486801223908,1.4562963375358284,1.7657814446212279,-0.969475058312653,0.8511349505955131,0.05607459209160957,-1.095238315552424,0.70841149695142,0.0,1.0,1.0,0.0,1.0,0.0,0.0,1.0,1.0,0.0,1.0,0.0,0.0,0.0,1.0,0.0,0.0
0.4920340806845394,-0.5079718224766923,2.5298140729067145,-0.011642907104082703,0.17331578118081534,-1.9503002266054486,-1.1319911137850078,0.5520645725009828,0.3101106848959121,-0.8647298157618145,0.8020115680418336,1.0,0.0,1.0,0.0,1.0,0.0,1.0,0.0,0.0,1.0,1.0,0.0,0.0,0.0,0.0,0.0,1.0
-0.0011172802476646856,0.3478603179170142,-0.42266504825830054,-0.5168327292725954,0.7203267009782149,1.5200563354761276,-0.39705739626002595,1.1852362995507664,0.009886211581736287,-0.8123415203548578,0.24041114149935056,0.0,1.0,1.0,0.0,1.0,0.0,0.0,1.0,1.0,0.0,1.0,0.0,0.0,0.0,0.0,1.0,0.0
-0.8471206828014609,-0.10501345004309515,0.031098225450175085,-0.1479816849603568,0.08307306268206247,-0.06334084990310006,-0.8466851497335406,-1.4794703122652715,-0.6136569253015525,0.5916647965515812,0.053210999318523446,0.0,1.0,1.0,0.0,1.0,0.0,0.0,1.0,1.0,0.0,1.0,0.0,0.0,0.0,0.0,1.0,0.0
-0.4214519528922605,-2.0718635691181326,0.031098225450175085,-0.3585579834059755,-2.209107525584224,-2.2736251678170127,-1.56717299566098,1.662598633817036,-0.9600697791256017,-0.44562345250616103,2.2996127054884554,0.0,1.0,0.0,1.0,0.0,1.0,0.0,1.0,1.0,0.0,0.0,0.0,1.0,0.0,0.0,0.0,1.0
2.256161656381305,0.8390398357681734,-0.9867795193894581,-0.21028569748198853,-1.558201775856152,3.0134340132707584,0.5536615282532491,1.2192215697887812,0.3562990654057854,1.3565339094931488,0.8956116391322472,1.0,0.0,1.0,0.0,1.0,0.0,0.0,1.0,0.0,1.0,1.0,0.0,0.0,0.0,0.0,0.0,1.0
-1.023374098251021,-0.10501345004309515,-1.6812448673118716,-0.7845679166420598,-1.7571117621788779,-0.06334084990310006,0.21779501361038273,0.8278681117402569,0.42558163617059586,-1.1476266109593805,-0.32118928504313243,1.0,0.0,1.0,0.0,1.0,0.0,1.0,0.0,1.0,0.0,1.0,0.0,0.0,0.0,0.0,1.0,0.0
0.4265250861922086,1.4470961136227583,0.1370866224733691,0.8081033929977116,0.6145935726690417,-0.6285563874782238,0.427260151774751,-0.7626425353988362,-0.9600697791256017,-0.047472407413290264,0.24041114149935056,1.0,0.0,1.0,0.0,1.0,0.0,1.0,0.0,0.0,1.0,1.0,0.0,0.0,0.0,1.0,0.0,0.0
-0.3615199535473285,-0.10501345004309515,0.031098225450175085,-0.1479816849603568,0.08307306268206247,-0.06334084990310006,0.8380646253298699,0.33482026813336513,0.7489002997397078,-0.06842772557607293,-0.414789356133546,0.0,1.0,1.0,0.0,1.0,0.0,0.0,1.0,1.0,0.0,1.0,0.0,0.0,0.0,1.0,0.0,0.0
1.1458643322591846,1.6845135561144224,1.070893868494953,2.1177292313847293,1.5167356658288231,-0.47261680366810266,0.4146200141269012,0.004378871357590369,0.47177001668046914,1.115547750621148,-0.13398914286230534,1.0,0.0,0.0,1.0,1.0,0.0,1.0,0.0,1.0,0.0,1.0,0.0,0.0,1.0,0.0,0.0,0.0
-0.7666308083607687,-0.6919763966980738,-0.12444217941599926,-1.1402003595419374,-1.7042628618082283,-0.8972710177553,-0.47470395609681765,-0.3958630419839533,-0.036302168928136994,-0.036994748331898926,-0.6955895694047883,1.0,0.0,1.0,0.0,1.0,0.0,1.0,0.0,1.0,0.0,1.0,0.0,0.0,1.0,0.0,0.0,0.0
-0.9324916346911166,-0.55783339180183,-1.39089175076842,-0.28413477835715983,-0.24520381994547144,-0.2117564646767962,0.3956598076551265,-0.5602994649048095,1.095313153563758,-0.571355361482857,-0.6019894983143748,1.0,0.0,1.0,0.0,1.0,0.0,1.0,0.0,1.0,0.0,1.0,0.0,0.0,0.0,1.0,0.0,0.0
-0.5495574497650201,0.944674191463332,0.2195055480786015,0.4140639097293112,2.6877114983484964,1.4744076154615202,0.7604180654930782,0.07574793885742147,0.9567480120341381,0.0573041834006231,-0.6955895694047883,0.0,1.0,1.0,0.0,1.0,0.0,1.0,0.0,1.0,0.0,1.0,0.0,0.0,0.0,0.0,1.0,0.0
0.523680118849996,0.16193131719361523,0.7107862983875302,-0.6356342576425137,0.15458319406078327,0.8030602587156718,-0.7609127871231312,-0.3927259401158288,-0.682939496066362,0.42402225124931986,-0.6955895694047883,0.0,1.0,1.0,0.0,1.0,0.0,0.0,1.0,1.0,0.0,1.0,0.0,0.0,0.0,0.0,0.0,1.0
-0.8471206828014609,-0.401427864746058,-0.42266504825830054,3.0603750283863267,-1.1145194209501568,0.02723768269257299,0.33426485336557027,0.4676242472172999,-1.1448233011650948,3.2215572259808067,-0.13398914286230534,1.0,0.0,1.0,0.0,1.0,0.0,0.0,1.0,1.0,0.0,1.0,0.0,0.0,0.0,0.0,0.0,1.0
-0.48404845527268925,-0.9238930725522086,-2.442040244032211,-0.4151771203239188,-0.2834212056708843,-0.2960872585189873,0.22501794940915404,-0.3085470399878229,1.118407343818694,-0.34084686169224765,-0.7891896404952019,0.0,1.0,1.0,0.0,1.0,0.0,1.0,0.0,1.0,0.0,1.0,0.0,0.0,0.0,0.0,1.0,0.0
-0.9324916346911166,-1.1650827655058642,-2.5603318554608356,-1.2376806027579639,-1.1471731136205319,-1.0049435747368218,1.3192927229230091,1.1483753526003042,1.2338782950933778,0.6335754328771466,5.950015478014599,0.0,1.0,1.0,0.0,1.0,0.0,1.0,0.0,1.0,0.0,1.0,0.0,0.0,1.0,0.0,0.0,0.0
-0.5495574497650201,0.13873006665956433,0.06735359837343674,0.4792853281405344,1.6606477677427811,-1.1939520206336809,-1.560852926837055,-1.2619645827419768,2.088363334526033,2.0061487725394116,-0.04038907177189177,1.0,0.0,1.0,0.0,1.0,0.0,1.0,0.0,1.0,0.0,1.0,0.0,0.0,0.0,0.0,1.0,0.0
-1.023374098251021,-1.0781826750943346,-1.5575691066149064,-1.2004389691871635,-2.2902218750590726,-1.0790512253420035,-0.6290942087955546,-1.4284924069082494,1.0029363925440113,-0.09986070282024695,0.053210999318523446,1.0,0.0,1.0,0.0,1.0,0.0,1.0,0.0,1.0,0.0,1.0,0.0,0.0,0.0,0.0,1.0,0.0
-0.6904939186355319,0.14648609367416196,0.17065612837885547,-0.3791895405476721,0.20525558120035411,-0.565154130803418,0.26835556420178197,-0.06986587285468814,-0.29033826173243954,0.44497756941210254,-0.6955895694047883,0.0,1.0,0.0,1.0,1.0,0.0,0.0,1.0,1.0,0.0,1.0,0.0,0.0,0.0,1.0,0.0,0.0
-1.2248871942800217,-0.9123835838891076,-1.6812448673118716,-1.304319841293358,-1.3152162283184565,-1.3547260545698843,0.11577104545273782,0.2867180394887903,1.3493492463680605,1.0736371142955827,-0.7891896404952019,1.0,0.0,1.0,0.0,1.0,0.0,1.0,0.0,1.0,0.0,1.0,0.0,0.0,0.0,0.0,1.0,0.0
-0.6182632434375808,-0.10501345004309515,0.031098225450175085,-0.1479816849603568,0.08307306268206247,-0.06334084990310006,0.16633159604413705,0.33482026813336513,0.2408281141311027,-0.09986070282024695,1.2700119234939031,0.0,1.0,1.0,0.0,1.0,0.0,0.0,1.0,1.0,0.0,1.0,0.0,0.0,0.0,1.0,0.0,0.0
0.3925911686703216,-0.44933397274097936,-0.7069244929530463,-0.3614894073089927,0.25693916013588314,0.38582416649971085,-0.2814904234796848,0.9047271075093057,-1.2141058719299043,-0.3618021798550303,-0.8827897115856155,0.0,1.0,1.0,0.0,1.0,0.0,0.0,1.0,1.0,0.0,1.0,0.0,0.0,0.0,0.0,1.0,0.0
-0.6182632434375808,0.34066496825002673,0.5576075944238016,-0.2481599286680838,0.5412662924087828,-1.9503002266054486,-0.6110368692986263,0.970606246739919,-0.5674685447916792,-0.07890538465746427,-0.13398914286230534,0.0,1.0,1.0,0.0,1.0,0.0,0.0,1.0,0.0,1.0,1.0,0.0,0.0,0.0,0.0,0.0,1.0
1.2800791204240762,0.3550364543444037,0.49376976781474635,-0.5659782993087281,0.3291258883219392,-0.26769912245775224,-0.8548109525071583,0.07051943574388073,0.5641467777002157,0.10969247880757978,0.33401121258976413,1.0,0.0,1.0,0.0,1.0,0.0,0.0,1.0,0.0,1.0,1.0,0.0,0.0,0.0,0.0,0.0,1.0
0.1289618531557676,-1.7869437547428138,1.548934500080139,-0.4426990524165215,0.17331578118081534,-1.0790512253420035,-1.613219211378147,1.802983942415605,-2.160967672382306,-1.5457776560522514,3.142013345302181,1.0,0.0,0.0,1.0,1.0,0.0,1.0,0.0,0.0,1.0,0.0,0.0,1.0,0.0,0.0,1.0,0.0
0.4596604840249216,-0.24465324772163696,0.8178885798755842,-0.4848734454862007,0.14096724611312722,-2.217128586311393,1.3554074019168656,-1.2329463904618256,0.12535716285641899,-0.5923106796456398,0.8956116391322472,0.0,1.0,1.0,0.0,1.0,0.0,0.0,1.0,0.0,1.0,0.0,0.0,1.0,0.0,0.0,1.0,0.0
-0.7666308083607687,-1.190436363877784,0.18713506848630032,0.22584858483016845,1.6606477677427811,0.07773429535185597,1.1224677224064905,0.0752250885460674,-0.706033686321299,-0.7913862021920751,1.1764118524034894,0.0,1.0,1.0,0.0,1.0,0.0,1.0,0.0,1.0,0.0,1.0,0.0,0.0,0.0,0.0,1.0,0.0
-0.6904939186355319,1.207609089796118,2.368591707281374,1.038664839634143,-0.1704599324869897,-0.6607938393492804,0.004718407546628772,-0.7456499002798287,-1.006258159635475,0.29829034227262385,-0.8827897115856155,1.0,0.0,1.0,0.0,1.0,0.0,0.0,1.0,0.0,1.0,1.0,0.0,0.0,0.0,0.0,0.0,1.0
-0.4214519528922605,-0.09652225342087026,0.06735359837343674,-0.28693524511265567,0.6680129135340817,0.6228118547281398,0.48865510606430723,-0.316389794658134,0.03298040183667242,-0.18368197547137763,-0.6955895694047883,0.0,1.0,1.0,0.0,1.0,0.0,0.0,1.0,1.0,0.0,1.0,0.0,0.0,0.0,0.0,0.0,1.0
-0.3615199535473285,-0.10501345004309515,0.031098225450175085,-0.1479816849603568,0.08307306268206247,-0.06334084990310006,1.4754887095714389,1.3849651184880227,-1.0524465401453482,0.7907403190980167,1.2700119234939031,0.0,1.0,1.0,0.0,1.0,0.0,0.0,1.0,1.0,0.0,0.0,1.0,0.0,0.0,0.0,0.0,1.0
-0.8471206828014609,-1.1274952787357673,-0.7389141080202882,-1.245232143297142,-0.48368746220982245,-1.1168396471231543,0.0363187516662533,-1.2959498529799915,-0.3365266422423128,-0.9485510884129452,-1.0699898537664443,0.0,1.0,1.0,0.0,1.0,0.0,1.0,0.0,1.0,0.0,1.0,0.0,0.0,0.0,0.0,1.0,0.0
-1.023374098251021,-0.10501345004309515,-1.1086068829107147,-0.9275959656805557,-1.0410461445957393,-0.06334084990310006,0.5843590053980272,0.2075062173186481,2.3654936175852708,1.1050700915397567,-0.6019894983143748,1.0,0.0,1.0,0.0,1.0,0.0,1.0,0.0,1.0,0.0,1.0,0.0,0.0,0.0,0.0,1.0,0.0
1.0196734372233407,-0.10501345004309515,0.031098225450175085,-0.1479816849603568,0.08307306268206247,-0.06334084990310006,1.4158994892315755,0.2391386611555696,1.603385339172364,-1.2000149063663372,0.4276112836801777,0.0,1.0,1.0,0.0,1.0,0.0,0.0,1.0,1.0,0.0,1.0,0.0,0.0,0.0,1.0,0.0,0.0
1.6481302197304126,-0.10501345004309515,0.031098225450175085,-0.1479816849603568,0.08307306268206247,-0.06334084990310006,-1.639402353648693,0.33482026813336513,-0.4750917837719327,0.31924566043540653,2.206012634398042,0.0,1.0,1.0,0.0,1.0,0.0,0.0,1.0,1.0,0.0,1.0,0.0,0.0,0.0,0.0,0.0,1.0
-0.48404845527268925,-0.10501345004309515,0.031098225450175085,-0.1479816849603568,0.08307306268206247,-0.06334084990310006,-0.4367835431532682,-0.9066877961768836,-1.6067071062638276,-1.4200457470755552,0.24041114149935056,0.0,1.0,1.0,0.0,1.0,0.0,0.0,1.0,1.0,0.0,1.0,0.0,0.0,0.0,1.0,0.0,0.0
-0.30403485218404475,-0.6919763966980738,-0.08385719801389947,-0.5216811351801848,0.5322863646924418,-0.10305820783346004,-0.016950399849685188,-1.156610245004131,0.6796177289748984,0.89551690991193,-0.9763897826760307,1.0,0.0,1.0,0.0,1.0,0.0,0.0,1.0,0.0,1.0,1.0,0.0,0.0,0.0,0.0,1.0,0.0
0.086923225871099,1.14424753422194,-3.6322364146929633,-0.5911182000499899,0.17331578118081534,1.3966648178770735,0.7856983407887778,-0.740159972010611,0.14845135311135613,0.14112545605175378,-1.0699898537664443,0.0,1.0,1.0,0.0,1.0,0.0,1.0,0.0,1.0,0.0,1.0,0.0,0.0,0.0,1.0,0.0,0.0
-0.6182632434375808,-0.10501345004309515,0.031098225450175085,-0.1479816849603568,0.08307306268206247,-0.06334084990310006,-0.7013235667832678,0.14371847933345108,0.3332048751508493,0.8850392508305387,-0.13398914286230534,0.0,1.0,1.0,0.0,1.0,0.0,0.0,1.0,1.0,0.0,1.0,0.0,0.0,0.0,0.0,1.0,0.0
1.9510477916667923,1.658165683355514,-0.12444217941599926,0.4167963014014674,0.7460831298234111,1.8342016093958429,-1.0263556777279772,-1.376468800928519,-0.4289034032620594,0.44497756941210254,0.053210999318523446,0.0,1.0,1.0,0.0,1.0,0.0,0.0,1.0,1.0,0.0,1.0,0.0,0.0,0.0,0.0,0.0,1.0
-0.48404845527268925,-0.11353156017028902,1.39630756198839,3.5519375808778944,-1.1145194209501568,0.8984866839560204,0.8308416895310985,-0.17914158792768958,-0.682939496066362,1.8385062272371502,-0.13398914286230534,0.0,1.0,1.0,0.0,1.0,0.0,1.0,0.0,1.0,0.0,1.0,0.0,0.0,0.0,0.0,1.0,0.0
1.0630057618283275,0.08380193426306606,0.8075501580890407,0.7069650606536736,1.2414464999822485,1.5945510150631026,-0.45754948357473574,-1.7178900542427293,0.47177001668046914,-0.42466813434337836,-0.7891896404952019,0.0,1.0,1.0,0.0,1.0,0.0,1.0,0.0,1.0,0.0,1.0,0.0,0.0,0.0,0.0,0.0,1.0
-0.8471206828014609,-0.10501345004309515,0.031098225450175085,-0.1479816849603568,0.08307306268206247,-0.06334084990310006,0.15910866024536574,1.0987045730216671,-0.4750917837719327,-0.6866096113781618,-0.8827897115856155,0.0,1.0,1.0,0.0,1.0,0.0,0.0,1.0,1.0,0.0,1.0,0.0,0.0,0.0,1.0,0.0,0.0
-0.7666308083607687,-0.6604207132704719,-0.7069244929530463,-0.32953012352259947,-1.0410461445957393,-0.44242621363415335,0.5419242575802458,-0.20371555256133106,0.10226297260148286,-0.6656542932153791,-0.2275892139527189,1.0,0.0,1.0,0.0,1.0,0.0,1.0,0.0,1.0,0.0,1.0,0.0,0.0,0.0,0.0,1.0,0.0
-0.6904939186355319,-0.7454068145339091,1.1856181834309223,-1.2427110735745126,-1.49523085649769,-0.7597511859993772,1.0583641671923951,0.5800370641584258,1.095313153563758,-1.3362244744244247,-0.6019894983143748,1.0,0.0,1.0,0.0,1.0,0.0,1.0,0.0,1.0,0.0,1.0,0.0,0.0,1.0,0.0,0.0,0.0
-0.09503136916388966,-0.629231254941018,1.849888926830158,3.2834466538038716,1.2864362789732136,1.3649646680198904,2.257371509788434,-0.1297322335047296,0.47177001668046914,-0.4351457934247697,0.24041114149935056,0.0,1.0,0.0,1.0,1.0,0.0,1.0,0.0,1.0,0.0,1.0,0.0,0.0,0.0,0.0,1.0,0.0
1.3513950898840366,-0.7999210872507516,2.258950784720099,-0.5593393033646105,0.8465620710560612,0.9542471064755109,-0.14606037725272253,2.6683012077065973,-1.0755407304002853,-1.661031905947556,0.4276112836801777,1.0,0.0,0.0,1.0,0.0,1.0,0.0,1.0,0.0,1.0,1.0,0.0,0.0,0.0,0.0,0.0,1.0
-0.24880465832279308,0.8028850999663558,0.5196657110332823,-0.8545135302980152,-0.7011953650668636,-0.05022365835981295,-0.04042494119569198,0.884858795677851,-1.2602942524397776,-0.7809085431106838,-0.6019894983143748,1.0,0.0,1.0,0.0,1.0,0.0,0.0,1.0,1.0,0.0,1.0,0.0,0.0,0.0,0.0,1.0,0.0
-1.023374098251021,-0.9940047399995524,-1.5575691066149064,-1.1736593021319734,-1.6610507498303497,-0.7263825701136687,-0.36274845121586213,-1.1550416940700687,-1.3064826329496508,-1.0742829973896413,-0.8827897115856155,1.0,0.0,1.0,0.0,1.0,0.0,1.0,0.0,1.0,0.0,1.0,0.0,0.0,1.0,0.0,0.0,0.0
-0.7666308083607687,-0.23570993998336312,1.584556518268765,0.42043237931935373,0.3591677434603802,-0.2960872585189873,-1.113030907313233,-0.3537735919199503,-1.2833884426947146,0.6650084101213206,0.4276112836801777,1.0,0.0,1.0,0.0,1.0,0.0,0.0,1.0,0.0,1.0,1.0,0.0,0.0,0.0,0.0,0.0,1.0
1.2241172095112227,0.3478603179170142,1.0449979252764172,0.39665156882650543,0.15458319406078327,0.8984866839560204,-0.625482740896169,0.7784587573172969,-0.08249054943801028,0.02587120615644909,-0.6019894983143748,1.0,0.0,1.0,0.0,1.0,0.0,1.0,0.0,0.0,1.0,1.0,0.0,0.0,0.0,0.0,0.0,1.0
-1.023374098251021,-1.0297586353542807,-0.8052441368182137,-0.7321680018477862,-0.9896080344905864,-0.15688969420374124,0.04625028838956387,0.5920626213195695,0.47177001668046914,-0.257025589041117,-1.0699898537664443,0.0,1.0,1.0,0.0,1.0,0.0,0.0,1.0,1.0,0.0,1.0,0.0,0.0,0.0,0.0,1.0,0.0
0.8565602984654852,1.0128586901024277,-0.6451185811864563,0.2632720323618607,1.8662141312107348,-1.041756784020041,0.5744274686747167,-0.7568911819739413,2.0421749540161587,-0.8437744975990318,-0.32118928504313243,0.0,1.0,1.0,0.0,1.0,0.0,1.0,0.0,1.0,0.0,1.0,0.0,0.0,0.0,0.0,1.0,0.0
-0.4214519528922605,-0.20023138518471098,0.4129838705299641,0.2562575126170065,-1.157683927074986,1.2177867232986468,-0.4259491394551112,-1.5803804223566078,0.05607459209160957,-0.0055617710877249186,-1.1635899248568577,0.0,1.0,1.0,0.0,1.0,0.0,0.0,1.0,1.0,0.0,1.0,0.0,0.0,0.0,0.0,0.0,1.0
-0.6904939186355319,-0.10501345004309515,0.031098225450175085,-0.1479816849603568,0.08307306268206247,-0.06334084990310006,-0.0016016612772961332,1.1941247548437857,0.1946397336212294,-0.33036920261085634,-0.6955895694047883,0.0,1.0,1.0,0.0,1.0,0.0,0.0,1.0,1.0,0.0,1.0,0.0,0.0,0.0,0.0,1.0,0.0
0.4920340806845394,0.8509841287417248,-1.0667729387075822,0.025800146604052034,0.07500116547594045,0.2001987669200359,0.49497517488823217,-1.3369936024212865,-0.29033826173243954,0.6021424556329725,0.4276112836801777,1.0,0.0,1.0,0.0,1.0,0.0,1.0,0.0,1.0,0.0,1.0,0.0,0.0,0.0,1.0,0.0,0.0
0.4920340806845394,-0.10501345004309515,0.031098225450175085,-0.1479816849603568,0.08307306268206247,-0.06334084990310006,0.7992413454114741,0.048298297511332584,0.9798422022890743,-0.09986070282024695,-1.350790067037685,0.0,1.0,1.0,0.0,1.0,0.0,0.0,1.0,1.0,0.0,1.0,0.0,0.0,0.0,1.0,0.0,0.0
-1.023374098251021,-0.9821917034177668,-0.7716746309127279,-1.16883719432251,-0.768014594482722,0.24774960323612702,-0.4241434055054184,0.6187279871986273,0.2639223043860388,-0.06842772557607293,-0.7891896404952019,1.0,0.0,1.0,0.0,1.0,0.0,1.0,0.0,1.0,0.0,1.0,0.0,0.0,0.0,1.0,0.0,0.0
-0.7666308083607687,0.0033330037835686984,-0.1876859505586181,-0.3688411168899779,0.48690189619310553,-0.41255176124083076,-0.5469333140845308,-1.8250743680703145,-0.4289034032620594,0.39258927400514587,0.146811070408937,0.0,1.0,1.0,0.0,1.0,0.0,1.0,0.0,1.0,0.0,1.0,0.0,0.0,0.0,0.0,0.0,1.0
-0.9324916346911166,-1.1150820395984191,-1.2424357596059845,-1.3602066163698547,-1.558201775856152,1.5200563354761276,2.1029812570896973,-0.6298385563149014,1.0260305827989475,-0.4665787706689437,2.1124125633076285,0.0,1.0,0.0,1.0,1.0,0.0,1.0,0.0,1.0,0.0,1.0,0.0,0.0,1.0,0.0,0.0,0.0
0.8062624719380753,-0.10501345004309515,0.031098225450175085,-0.1479816849603568,0.08307306268206247,-0.06334084990310006,-1.1049051045396154,-0.42906403675493693,-1.8838373893230662,-0.382757498017813,0.70841149695142,0.0,1.0,1.0,0.0,1.0,0.0,0.0,1.0,1.0,0.0,1.0,0.0,0.0,0.0,0.0,0.0,1.0
1.1658389853817608,4.437493294644835,0.2972121781051272,1.591415108478522,0.8465620710560612,0.6638626944004232,-1.0787219622690694,-0.8855123585670436,-1.5374245354990173,0.4344999103307112,-0.6955895694047883,1.0,0.0,1.0,0.0,1.0,0.0,0.0,1.0,1.0,0.0,1.0,0.0,0.0,0.0,0.0,1.0,0.0
0.7804234087402483,-0.09652225342087026,1.9741933561687572,-0.34833932140200463,0.041361151183406115,3.0489856774815047,-0.9839209299101958,-0.8708725498491294,0.287016494640976,0.2773350241098412,-0.8827897115856155,0.0,1.0,1.0,0.0,1.0,0.0,0.0,1.0,0.0,1.0,1.0,0.0,0.0,0.0,0.0,0.0,1.0
-0.3615199535473285,0.7103112574535246,0.5196657110332823,0.521644483010773,1.2127439548614871,1.2511553391843553,2.0442949037246803,-0.38592888606822584,0.47177001668046914,-1.3886127698313813,0.24041114149935056,1.0,0.0,0.0,1.0,1.0,0.0,0.0,1.0,1.0,0.0,1.0,0.0,0.0,0.0,0.0,1.0,0.0
-0.30403485218404475,-0.10501345004309515,0.031098225450175085,-0.1479816849603568,0.08307306268206247,-0.06334084990310006,-0.6236770069464761,0.14371847933345108,-0.17486731045775686,-0.09986070282024695,-0.414789356133546,0.0,1.0,1.0,0.0,1.0,0.0,0.0,1.0,1.0,0.0,1.0,0.0,0.0,0.0,0.0,1.0,0.0
0.4596604840249216,-0.10501345004309515,0.031098225450175085,-0.1479816849603568,0.08307306268206247,-0.06334084990310006,-1.2006090038733352,1.1941247548437857,-1.7683664380483837,-0.33036920261085634,0.33401121258976413,0.0,1.0,1.0,0.0,1.0,0.0,0.0,1.0,1.0,0.0,0.0,1.0,0.0,0.0,0.0,0.0,1.0
-0.5495574497650201,1.122790641836036,0.282022121603824,3.752292204681069,-0.4183839922825232,3.022363548369208,-0.0720252853153165,-1.6114900158821752,0.7027119192298346,1.1469807278653221,-0.13398914286230534,0.0,1.0,1.0,0.0,1.0,0.0,0.0,1.0,0.0,1.0,1.0,0.0,0.0,0.0,1.0,0.0,0.0
-0.5495574497650201,0.7415248661192494,-0.615238347323323,0.023484988188195312,1.308502076179053,-1.0049435747368218,-0.5649906535814592,-1.4914958694264153,0.17154554336629227,-0.07890538465746427,0.6148114258610065,0.0,1.0,1.0,0.0,1.0,0.0,0.0,1.0,0.0,1.0,0.0,1.0,0.0,0.0,0.0,0.0,1.0
1.6052378855786604,-0.14787658345206428,0.545077589474297,-1.2655423282375613,0.09111926680322349,2.237052412236581,-0.7762615256955202,-0.1488162698691533,0.9105596315242648,0.44497756941210254,-1.0699898537664443,0.0,1.0,1.0,0.0,1.0,0.0,0.0,1.0,1.0,0.0,0.0,1.0,0.0,0.0,1.0,0.0,0.0
-0.09503136916388966,0.8390398357681734,-0.23154446090405323,-0.4488786664570986,0.29872270638272513,1.3167440699487412,0.9184197860912008,-0.9493000965522406,0.7719944899946449,-0.7809085431106838,-0.8827897115856155,1.0,0.0,1.0,0.0,1.0,0.0,1.0,0.0,1.0,0.0,1.0,0.0,0.0,0.0,0.0,1.0,0.0
0.3578192925196478,-0.10501345004309515,0.031098225450175085,-0.1479816849603568,0.08307306268206247,-0.06334084990310006,0.5744274686747167,0.7167624205775162,-0.08249054943801028,-1.53529999697086,-0.32118928504313243,0.0,1.0,1.0,0.0,1.0,0.0,0.0,1.0,1.0,0.0,1.0,0.0,0.0,0.0,0.0,0.0,1.0
-0.24880465832279308,-0.10501345004309515,0.031098225450175085,-0.1479816849603568,0.08307306268206247,-0.06334084990310006,-0.7870959293936772,0.6210808135997207,-0.17486731045775686,-1.1790595882035546,-0.7891896404952019,0.0,1.0,1.0,0.0,1.0,0.0,0.0,1.0,1.0,0.0,1.0,0.0,0.0,0.0,0.0,1.0,0.0
-1.1205291309088083,-0.10501345004309515,0.031098225450175085,-0.1479816849603568,0.08307306268206247,-0.06334084990310006,-0.5044985662667493,1.7669072709321738,-1.0755407304002853,-0.8647298157618145,0.146811070408937,0.0,1.0,1.0,0.0,1.0,0.0,0.0,1.0,1.0,0.0,1.0,0.0,0.0,0.0,0.0,1.0,0.0
-0.6182632434375808,0.4878639251934069,-0.47495979984381276,-0.09543127410491645,-1.054492170946383,-0.18419118613265734,-0.5704078554305376,-0.5046159067456006,0.17154554336629227,0.41354459216792855,-0.2275892139527189,0.0,1.0,1.0,0.0,1.0,0.0,1.0,0.0,1.0,0.0,1.0,0.0,0.0,0.0,0.0,0.0,1.0
2.5067956549794252,-0.10501345004309515,1.262014455849201,-1.478079983511218,0.14096724611312722,-0.06334084990310006,-1.6222478811266112,-0.3919416646487977,-1.9762141503428128,1.5241764547954102,0.8956116391322472,0.0,1.0,1.0,0.0,0.0,1.0,0.0,1.0,0.0,1.0,0.0,0.0,1.0,0.0,1.0,0.0,0.0
-0.4214519528922605,-1.254886970552703,-0.12444217941599926,-0.4817117155893509,-0.5257175303788657,0.38582416649971085,0.3378763212649559,-0.059670291783283695,-0.35962083249724996,-0.4037128161805957,-0.8827897115856155,0.0,1.0,1.0,0.0,1.0,0.0,1.0,0.0,0.0,1.0,1.0,0.0,0.0,0.0,0.0,1.0,0.0
-0.0011172802476646856,-0.10501345004309515,0.721884285840525,3.0076207071054055,-1.7147446197170966,-0.06334084990310006,2.280846051134441,-1.604170111523218,0.10226297260148286,0.926949887156104,0.24041114149935056,0.0,1.0,1.0,0.0,1.0,0.0,0.0,1.0,0.0,1.0,1.0,0.0,0.0,0.0,0.0,0.0,1.0
-0.9324916346911166,-0.10501345004309515,0.031098225450175085,-0.1479816849603568,0.08307306268206247,-0.06334084990310006,1.4131908883070363,0.9076027842217531,2.0421749540161587,0.14112545605175378,-0.13398914286230534,0.0,1.0,1.0,0.0,1.0,0.0,0.0,1.0,1.0,0.0,1.0,0.0,0.0,0.0,1.0,0.0,0.0
0.04359090126611189,1.4944117987498298,0.10266716598483369,0.974019170357099,-0.5107235166513246,0.10265134574213045,-0.5216530387888312,-1.1628844487403798,0.6334293484650251,0.5602318193074073,-1.1635899248568577,1.0,0.0,1.0,0.0,1.0,0.0,1.0,0.0,1.0,0.0,1.0,0.0,0.0,0.0,0.0,0.0,1.0
-0.7666308083607687,-0.10501345004309515,0.031098225450175085,-0.1479816849603568,0.08307306268206247,-0.06334084990310006,0.9960663459279925,1.0987045730216671,-2.3457211944217993,0.18303609237731913,-0.6955895694047883,0.0,1.0,1.0,0.0,1.0,0.0,0.0,1.0,1.0,0.0,1.0,0.0,0.0,0.0,0.0,1.0,0.0
2.5445509844370133,-1.6778723771603776,1.518519452711561,-1.1004739323109596,2.7587953377910805,2.0801892550401546,-1.702603041887942,1.4694054437717057,-3.2233004241093903,-2.027749973796253,2.018812492217215,1.0,0.0,1.0,0.0,0.0,1.0,1.0,0.0,1.0,0.0,0.0,0.0,1.0,0.0,0.0,0.0,1.0
-0.3615199535473285,-1.2418726037381609,-0.9112325338414089,0.26026950541377913,-0.6561707580520552,-1.2732066763059988,-1.3893082016162361,2.50308050931871,-0.8445988278509189,-1.158104270040772,1.3636119945843166,1.0,0.0,1.0,0.0,0.0,1.0,1.0,0.0,1.0,0.0,0.0,0.0,1.0,0.0,0.0,0.0,1.0
2.796318334753554,-1.6778723771603776,1.524657142203428,1.5986586000255711,-0.2547655434606303,1.2009549096693757,-1.6700998307934711,0.37664829304169106,-0.4289034032620594,-1.8391521103312087,1.1764118524034894,0.0,1.0,1.0,0.0,0.0,1.0,0.0,1.0,0.0,1.0,0.0,1.0,0.0,0.0,0.0,0.0,1.0
2.081126925070225,-0.10501345004309515,0.031098225450175085,-0.1479816849603568,0.08307306268206247,-0.06334084990310006,-1.0308700126022092,0.2391386611555696,-1.4450477744792707,-1.4829117015639033,0.9892117102226624,0.0,1.0,1.0,0.0,1.0,0.0,0.0,1.0,1.0,0.0,1.0,0.0,0.0,0.0,0.0,0.0,1.0
1.20495787404191,0.76623732986262,0.06735359837343674,0.734904237385863,1.0362778253204132,-0.15688969420374124,-0.21377540036620368,-0.2434521762242407,-1.0986349206552215,-0.2046372936341603,-0.13398914286230534,1.0,0.0,1.0,0.0,1.0,0.0,0.0,1.0,1.0,0.0,1.0,0.0,0.0,0.0,0.0,0.0,1.0
-0.14444659495158002,-0.10501345004309515,0.031098225450175085,-0.1479816849603568,0.08307306268206247,-0.06334084990310006,2.589626556531915,-1.57489049408739,-0.5905627350466154,-0.09986070282024695,6.792416117828323,0.0,1.0,1.0,0.0,1.0,0.0,0.0,1.0,1.0,0.0,1.0,0.0,0.0,0.0,1.0,0.0,0.0
1.3513950898840366,-0.10501345004309515,0.031098225450175085,-0.1479816849603568,0.08307306268206247,-0.06334084990310006,-1.3188845775782156,0.5256606317776021,0.03298040183667242,4.877027360840637,0.9892117102226624,0.0,1.0,1.0,0.0,1.0,0.0,0.0,1.0,1.0,0.0,1.0,0.0,0.0,0.0,0.0,1.0,0.0
-0.4214519528922605,-0.2179121166889393,-0.276865188022132,0.15367695085090688,-2.3797125299291593,0.05259770865006416,1.0502383644187774,0.9750504743864287,-1.7221780575385104,0.7697850009352339,2.2996127054884554,0.0,1.0,1.0,0.0,0.0,1.0,1.0,0.0,1.0,0.0,1.0,0.0,0.0,0.0,0.0,0.0,1.0
-0.8471206828014609,1.5224064424614214,-0.9484813272789572,-0.03909653221329657,0.29872270638272513,-0.1298469880825139,1.1035075159347159,-0.7791123202064895,0.40248744591565866,1.796595590911585,-0.04038907177189177,0.0,1.0,1.0,0.0,1.0,0.0,1.0,0.0,1.0,0.0,1.0,0.0,0.0,0.0,1.0,0.0,0.0
2.851308857193221,2.804601640531082,0.3849520338425389,2.214656948550955,1.9471664644594557,0.538894506888396,-0.9640578564635746,-0.36919767610489546,-0.8676930181058551,-0.9485510884129452,0.8020115680418336,0.0,1.0,1.0,0.0,1.0,0.0,1.0,0.0,0.0,1.0,0.0,0.0,1.0,0.0,0.0,1.0,0.0
-0.5495574497650201,-0.6499839564828007,-0.6756703368776694,-0.40610545729037406,-0.13390074297685575,-1.1551353111733802,0.6060278127943411,0.28776374011149847,-0.3134324519873767,-1.3362244744244247,-0.13398914286230534,1.0,0.0,1.0,0.0,1.0,0.0,0.0,1.0,1.0,0.0,1.0,0.0,0.0,0.0,0.0,0.0,1.0
-0.5495574497650201,0.6274173801145463,0.1539749876443843,-0.5265440067658177,-0.32727590893141295,-1.9503002266054486,-0.20294099666804669,0.09483197522184517,-0.12867892994788357,0.16208077421453645,-1.0699898537664443,1.0,0.0,1.0,0.0,1.0,0.0,1.0,0.0,1.0,0.0,1.0,0.0,0.0,1.0,0.0,0.0,0.0
-0.8471206828014609,-0.10501345004309515,0.031098225450175085,-0.1479816849603568,0.08307306268206247,-0.06334084990310006,-0.3121879006244629,1.5760669072879367,-1.006258159635475,-0.9485510884129452,-0.6955895694047883,0.0,1.0,1.0,0.0,1.0,0.0,0.0,1.0,1.0,0.0,1.0,0.0,0.0,0.0,0.0,0.0,1.0
-0.8471206828014609,-0.41094101271586886,-0.7716746309127279,-0.2605231074214326,-0.6119340904631504,0.4742958799461675,1.4899345811689815,-0.4588665045021192,0.8181828705045182,-0.12081602098302961,-0.13398914286230534,0.0,1.0,1.0,0.0,1.0,0.0,1.0,0.0,1.0,0.0,1.0,0.0,0.0,0.0,0.0,1.0,0.0
2.2652761829203283,-0.6086375794944463,1.0536848296785533,0.3499204075795129,0.5042441172655913,1.2676944239659695,-1.378473797918079,0.7897000390114095,-2.0685909113625596,-0.6866096113781618,1.3636119945843166,1.0,0.0,1.0,0.0,0.0,1.0,0.0,1.0,0.0,1.0,0.0,0.0,1.0,0.0,0.0,0.0,1.0
-0.4214519528922605,-0.8109579056178186,-0.9484813272789572,0.18859276273512685,1.103904401322885,-1.2333041498449953,-0.12980877170548707,-0.2400536492004392,-0.682939496066362,-0.6342213159712051,-0.13398914286230534,1.0,0.0,1.0,0.0,1.0,0.0,1.0,0.0,0.0,1.0,1.0,0.0,0.0,0.0,0.0,0.0,1.0
-0.5495574497650201,-0.2179121166889393,-0.37230759078516784,2.728178899081204,0.015447802438164007,-0.6285563874782238,2.3232807989522226,0.5682729321529592,1.4879143878976793,-0.3618021798550303,-0.13398914286230534,1.0,0.0,1.0,0.0,1.0,0.0,0.0,1.0,0.0,1.0,1.0,0.0,0.0,0.0,0.0,1.0,0.0
0.5849153940252276,0.1542198011557107,0.0851250398426703,0.9894622033860242,1.6960907983106557,-0.565154130803418,0.36405946353550195,-1.9994449469068982,0.933653821779201,-1.3257468153430332,0.70841149695142,1.0,0.0,1.0,0.0,1.0,0.0,0.0,1.0,1.0,0.0,1.0,0.0,0.0,0.0,0.0,0.0,1.0
-0.09503136916388966,0.20774142914259122,0.251123157147269,0.18544932636882225,1.3975726350680906,0.9171948436804892,-0.10543136338463387,1.344182794202405,-1.2141058719299043,0.22494672870288449,-0.7891896404952019,1.0,0.0,1.0,0.0,1.0,0.0,0.0,1.0,1.0,0.0,1.0,0.0,0.0,0.0,0.0,1.0,0.0
-0.5495574497650201,0.9331400042509619,-0.8396635933067498,0.27820225509067814,0.7460831298234111,-0.2117564646767962,1.0520440983684702,-1.5712305419079116,1.6264795294273002,0.9688605234816694,-0.414789356133546,0.0,1.0,1.0,0.0,1.0,0.0,0.0,1.0,1.0,0.0,1.0,0.0,0.0,0.0,0.0,1.0,0.0
-0.48404845527268925,-0.5278055766697266,0.031098225450175085,0.06353297964668288,0.9667922119234938,-1.3547260545698843,-0.9956582005831991,0.2963907702488407,-0.8676930181058551,-0.9380734293315538,0.33401121258976413,1.0,0.0,1.0,0.0,0.0,1.0,0.0,1.0,0.0,1.0,1.0,0.0,0.0,0.0,0.0,0.0,1.0
0.248034673553994,-0.4784929730282939,1.0794173817649526,0.16433670925834887,0.10819937903971738,0.43040295058019085,-1.0453158841997519,0.16123396476381255,-0.7984104473410456,-0.33036920261085634,-0.2275892139527189,0.0,1.0,1.0,0.0,1.0,0.0,0.0,1.0,1.0,0.0,1.0,0.0,0.0,0.0,0.0,0.0,1.0
3.1474446299613326,1.4183016078569595,1.0185991169094408,1.6839118398146198,1.4172991686073764,1.2511553391843553,-0.8882170305764757,0.17116812067953996,-0.5443743545367431,0.832650955423582,-0.6955895694047883,0.0,1.0,1.0,0.0,1.0,0.0,0.0,1.0,1.0,0.0,0.0,1.0,0.0,0.0,0.0,1.0,0.0
0.086923225871099,-1.6324494114287011,0.9549321563740483,-1.008467785548816,1.1480041448642433,0.294520882436931,-1.241238017741424,0.09300199913210591,-1.1448233011650948,-1.4305234061569467,1.1764118524034894,0.0,1.0,0.0,1.0,1.0,0.0,0.0,1.0,1.0,0.0,1.0,0.0,0.0,0.0,0.0,0.0,1.0
-1.2248871942800217,-0.4204879552432058,-0.42266504825830054,1.9726161494503878,-3.423524504889358,1.5351116956638706,0.48684937211461443,0.24462858942478735,1.1645957243285674,1.2308020005164528,0.24041114149935056,0.0,1.0,1.0,0.0,1.0,0.0,1.0,0.0,1.0,0.0,1.0,0.0,0.0,0.0,0.0,1.0,0.0
-0.8471206828014609,-0.6708981592713036,-1.4997094847406274,-0.49280470809917687,-0.9391957771925834,-1.8014151007412644,0.14737138957236234,1.153865280869522,0.5641467777002157,0.2668573650284498,-0.5083894272239612,0.0,1.0,1.0,0.0,1.0,0.0,1.0,0.0,1.0,0.0,1.0,0.0,0.0,0.0,0.0,1.0,0.0
1.4997626548072247,0.9561590871269999,0.8978819991937083,0.6048192251645251,1.4172991686073764,0.6638626944004232,-0.8999543012494791,1.6226005849984493,-1.5836129160088905,-0.23607027087833432,-0.6955895694047883,0.0,1.0,1.0,0.0,1.0,0.0,0.0,1.0,1.0,0.0,1.0,0.0,0.0,0.0,0.0,0.0,1.0
0.9520673620245729,-0.10501345004309515,-1.8173079202097302,-0.9151857185338416,1.1697688277988736,-0.06334084990310006,-0.8629367552807761,-0.4463180970296214,-0.6136569253015525,-1.5876882923778166,2.1124125633076285,1.0,0.0,1.0,0.0,1.0,0.0,0.0,1.0,0.0,1.0,0.0,0.0,1.0,0.0,0.0,0.0,1.0
-0.4214519528922605,0.2527837376005969,-0.42266504825830054,0.4366950876975316,-0.36163428777535445,1.1326166930524268,0.47782070236615026,0.014574452428994812,0.3101106848959121,0.004915887993666418,-0.7891896404952019,0.0,1.0,1.0,0.0,1.0,0.0,0.0,1.0,1.0,0.0,1.0,0.0,0.0,0.0,0.0,1.0,0.0
0.4596604840249216,0.4187737064290622,0.48063443941550316,-0.18903198147133835,0.5042441172655913,-0.6607938393492804,1.1892798785451253,-1.3241837697931116,0.0791687823465457,-0.22559261179694298,0.24041114149935056,0.0,1.0,1.0,0.0,1.0,0.0,0.0,1.0,0.0,1.0,1.0,0.0,0.0,0.0,0.0,0.0,1.0
1.5906451183671289,1.3696143796306985,0.2195055480786015,-0.42125306864915235,0.29674859695494993,0.935781125277983,-0.5397103782857595,-0.023855045455529626,0.5410525874452785,0.3716339558423632,0.4276112836801777,0.0,1.0,0.0,1.0,1.0,0.0,0.0,1.0,1.0,0.0,1.0,0.0,0.0,0.0,0.0,1.0,0.0
2.6929185493602015,1.8456399377667232,1.0794173817649526,1.4094284447984433,1.6247007139091107,1.4590276098324917,-0.6832662272863395,-0.11038677198462887,-0.08249054943801028,-0.29893622536668235,1.5508121367651453,1.0,0.0,1.0,0.0,1.0,0.0,0.0,1.0,0.0,1.0,0.0,1.0,0.0,0.0,0.0,1.0,0.0
2.5067956549794252,0.5014713542403539,2.780113676355582,2.4050637145695313,1.7565569499592848,1.5649861480571934,-1.5012637064971914,0.5225235299094777,-1.2833884426947146,-0.4351457934247697,0.8956116391322472,0.0,1.0,1.0,0.0,0.0,1.0,0.0,1.0,0.0,1.0,0.0,0.0,1.0,0.0,0.0,0.0,1.0
0.4265250861922086,-0.629231254941018,1.4426209036980655,-0.46755934374042707,-0.0623313444851382,-0.9685993362995516,1.325612791746934,0.22266887634791624,1.8574214319766655,0.13064779697036244,0.8956116391322472,0.0,1.0,0.0,1.0,1.0,0.0,1.0,0.0,1.0,0.0,1.0,0.0,0.0,0.0,0.0,1.0,0.0
0.1289618531557676,0.11532677076254544,0.31223438524350206,0.28709517879342555,0.7144742330236966,0.40820062736333373,-0.5722135893802305,-1.1843213115058968,0.610335158210088,-0.44562345250616103,0.053210999318523446,1.0,0.0,1.0,0.0,1.0,0.0,1.0,0.0,1.0,0.0,1.0,0.0,0.0,0.0,0.0,1.0,0.0
-0.48404845527268925,-0.6395875740969453,0.1370866224733691,0.7535145246519342,0.17331578118081534,-1.041756784020041,2.0488092385989125,-0.15744330000649553,0.17154554336629227,1.6184753865279322,0.70841149695142,0.0,1.0,1.0,0.0,1.0,0.0,0.0,1.0,1.0,0.0,1.0,0.0,0.0,0.0,0.0,0.0,1.0
-0.4214519528922605,-0.317291764031383,0.06735359837343674,-0.40309275541462636,-0.7085330973419425,1.6238126473198362,-0.45935521752442854,-0.18437009104123034,-0.12867892994788357,-0.047472407413290264,-1.1635899248568577,0.0,1.0,1.0,0.0,1.0,0.0,1.0,0.0,1.0,0.0,1.0,0.0,0.0,0.0,0.0,1.0,0.0
-0.24880465832279308,-0.021285136257433546,-0.044448760097874004,1.0142491809212846,0.5768703597771719,0.6841687170257569,-0.46477241937350705,-0.4144242280370229,0.44867582642553194,0.29829034227262385,-1.0699898537664443,1.0,0.0,1.0,0.0,1.0,0.0,1.0,0.0,1.0,0.0,1.0,0.0,0.0,0.0,0.0,1.0,0.0
1.5609979299824563,1.4279340966466394,1.8450594513665937,-0.5860591026076857,-0.5684582577669698,2.931785015773535,-0.09008262481224481,0.136137149818817,1.1415015340736312,0.23542438778427582,0.24041114149935056,1.0,0.0,1.0,0.0,1.0,0.0,0.0,1.0,0.0,1.0,1.0,0.0,0.0,0.0,0.0,0.0,1.0
-0.9324916346911166,-0.10501345004309515,1.0963057469359665,-1.1736593021319734,-3.604512388672572,-0.06334084990310006,0.5672045328759453,0.6158523104861798,0.44867582642553194,2.9700934080274144,-0.7891896404952019,1.0,0.0,1.0,0.0,1.0,0.0,0.0,1.0,1.0,0.0,1.0,0.0,0.0,0.0,1.0,0.0,0.0
2.5067956549794252,4.534557484251958,1.4229651987070866,0.6496075144405619,0.9667922119234938,-0.3537252619781852,-0.4638695523986606,-0.5984675376336569,-0.1517731202028197,1.702296659179063,0.70841149695142,0.0,1.0,1.0,0.0,1.0,0.0,0.0,1.0,0.0,1.0,1.0,0.0,0.0,0.0,0.0,1.0,0.0
-0.04729156229379233,-0.5477867950728034,0.2972121781051272,-0.991105477549405,1.3975726350680906,-0.565154130803418,1.3707561404892548,0.4738984509535488,0.40248744591565866,-1.252403201773294,0.9892117102226624,0.0,1.0,1.0,0.0,1.0,0.0,0.0,1.0,0.0,1.0,1.0,0.0,0.0,0.0,0.0,0.0,1.0
0.7804234087402483,-0.10501345004309515,0.031098225450175085,-0.1479816849603568,0.08307306268206247,-0.06334084990310006,-0.6588888189654863,-0.811006189199088,2.3654936175852708,-1.6086436105405995,0.053210999318523446,0.0,1.0,1.0,0.0,1.0,0.0,0.0,1.0,1.0,0.0,1.0,0.0,0.0,0.0,0.0,0.0,1.0
-0.6904939186355319,-0.10501345004309515,0.031098225450175085,-0.1479816849603568,0.08307306268206247,-0.06334084990310006,1.1775426078721218,-0.047121884310785914,1.1876899145835034,-0.12081602098302961,-0.2275892139527189,0.0,1.0,1.0,0.0,1.0,0.0,0.0,1.0,1.0,0.0,1.0,0.0,0.0,0.0,0.0,1.0,0.0
-0.6182632434375808,-0.10501345004309515,-0.30010500031440174,0.16752108913951286,0.44720875975793634,-0.06334084990310006,0.8705678364243408,-1.4807774380436567,0.3101106848959121,-0.23607027087833432,-0.6955895694047883,0.0,1.0,1.0,0.0,1.0,0.0,1.0,0.0,0.0,1.0,1.0,0.0,0.0,1.0,0.0,0.0,0.0
1.6339774429721161,-0.10501345004309515,0.031098225450175085,-0.1479816849603568,0.08307306268206247,-0.06334084990310006,1.1107304517334873,-1.384050130443153,0.610335158210088,-0.4875340888317264,-0.13398914286230534,0.0,1.0,1.0,0.0,1.0,0.0,0.0,1.0,1.0,0.0,1.0,0.0,0.0,0.0,0.0,1.0,0.0
-0.09503136916388966,-0.10501345004309515,0.031098225450175085,-0.1479816849603568,0.08307306268206247,-0.06334084990310006,-0.7591070531734384,0.048298297511332584,-0.7522220668311723,-0.9799840656571192,-0.04038907177189177,0.0,1.0,1.0,0.0,1.0,0.0,0.0,1.0,1.0,0.0,0.0,1.0,0.0,0.0,0.0,1.0,0.0
-0.7666308083607687,-0.10501345004309515,-2.2324730247735425,0.27125183410704506,1.0362778253204132,-1.2732066763059988,1.6073072878990156,-0.379916107487654,1.7188562904470468,1.7861179318301936,0.146811070408937,1.0,0.0,1.0,0.0,1.0,0.0,0.0,1.0,1.0,0.0,1.0,0.0,0.0,0.0,0.0,1.0,0.0
-0.7666308083607687,0.01148919060602881,-0.5018813907257127,2.7776661282271595,0.28526826043920867,0.3405377531888629,0.26835556420178197,-0.9644627555815087,0.009886211581736287,0.6859637282841032,-0.13398914286230534,1.0,0.0,1.0,0.0,1.0,0.0,0.0,1.0,0.0,1.0,1.0,0.0,0.0,0.0,0.0,1.0,0.0
0.8316359410056487,-0.10501345004309515,0.031098225450175085,-0.1479816849603568,0.08307306268206247,-0.06334084990310006,-0.7536898513243598,-1.002107977999002,0.2408281141311027,0.8536062735863647,-0.32118928504313243,0.0,1.0,1.0,0.0,1.0,0.0,0.0,1.0,1.0,0.0,1.0,0.0,0.0,0.0,0.0,1.0,0.0
-0.0011172802476646856,-0.10501345004309515,0.031098225450175085,-0.1479816849603568,0.08307306268206247,-0.06334084990310006,0.6394338908636585,1.3849651184880227,-0.35962083249724996,-1.0533276792268584,-0.6019894983143748,0.0,1.0,1.0,0.0,1.0,0.0,0.0,1.0,1.0,0.0,1.0,0.0,0.0,0.0,0.0,0.0,1.0
-0.6904939186355319,0.36933149600237036,1.3895606701591612,-0.5071789720228735,-0.7470364907355248,0.9542471064755109,-0.220998336164975,0.9991015887087161,0.8412770607594544,-0.18368197547137763,-0.414789356133546,1.0,0.0,0.0,1.0,1.0,0.0,0.0,1.0,1.0,0.0,1.0,0.0,0.0,0.0,0.0,0.0,1.0
-0.8471206828014609,-0.8895114331087424,-0.8052441368182137,0.4975742169466482,-0.48368746220982245,0.3176220947676607,2.0813124496933835,-0.08921133437478887,0.14845135311135613,-0.4875340888317264,0.24041114149935056,1.0,0.0,1.0,0.0,1.0,0.0,0.0,1.0,1.0,0.0,0.0,1.0,0.0,0.0,0.0,1.0,0.0
-0.8471206828014609,-0.10501345004309515,0.031098225450175085,-0.1479816849603568,0.08307306268206247,-0.06334084990310006,-0.7762615256955202,-0.7155860073769695,0.5410525874452785,-0.4351457934247697,0.053210999318523446,0.0,1.0,1.0,0.0,1.0,0.0,0.0,1.0,1.0,0.0,1.0,0.0,0.0,0.0,0.0,1.0,0.0
-0.04729156229379233,0.6659940448064213,-0.1876859505586181,1.3612068566860052,-0.9391957771925834,-0.5339736659657198,-1.1879688662254855,2.0432336604828016,-0.5443743545367431,0.926949887156104,0.6148114258610065,0.0,1.0,0.0,1.0,1.0,0.0,0.0,1.0,1.0,0.0,0.0,1.0,0.0,0.0,0.0,1.0,0.0
-0.3615199535473285,-0.10501345004309515,0.031098225450175085,-0.1479816849603568,0.08307306268206247,-0.06334084990310006,-0.5397103782857595,-1.384050130443153,1.118407343818694,1.5346541138768015,0.24041114149935056,0.0,1.0,1.0,0.0,1.0,0.0,0.0,1.0,1.0,0.0,1.0,0.0,0.0,1.0,0.0,0.0,0.0
-0.14444659495158002,-0.10501345004309515,0.031098225450175085,-0.1479816849603568,0.08307306268206247,-0.06334084990310006,0.3243333166422597,0.5256606317776021,0.3332048751508493,-1.2000149063663372,-0.6955895694047883,0.0,1.0,1.0,0.0,1.0,0.0,0.0,1.0,1.0,0.0,1.0,0.0,0.0,0.0,0.0,1.0,0.0
-0.7666308083607687,-0.02954155287497731,-0.8052441368182137,-0.18507758102597496,-1.3152162283184565,0.8030602587156718,-0.12800303775579425,0.46997707361839325,0.03298040183667242,1.20984668235367,-0.6955895694047883,0.0,1.0,1.0,0.0,1.0,0.0,0.0,1.0,1.0,0.0,1.0,0.0,0.0,0.0,0.0,1.0,0.0
-1.023374098251021,0.5351915142526867,-2.68990565540138,-0.3266555703070867,-0.40166743956704504,-1.9503002266054486,0.22682368335884687,-0.02777642279068518,-0.22105569096763014,1.0526817961328,-0.5083894272239612,1.0,0.0,1.0,0.0,1.0,0.0,1.0,0.0,0.0,1.0,1.0,0.0,0.0,0.0,0.0,1.0,0.0
1.2616711532789249,-1.041783091634497,0.8881364670429498,-1.309560589380142,-0.15624519778288046,-0.5339736659657198,-1.5780073993591368,1.9491206044390685,-2.692134048245848,-0.6342213159712051,1.2700119234939031,1.0,0.0,1.0,0.0,0.0,1.0,0.0,1.0,0.0,1.0,0.0,0.0,1.0,0.0,0.0,0.0,1.0
-0.4214519528922605,-0.10501345004309515,0.5196657110332823,3.3822477612825783,-0.19217265991368904,-0.06334084990310006,2.293486188782291,-0.36527629876973994,-0.35962083249724996,1.0736371142955827,0.24041114149935056,1.0,0.0,1.0,0.0,1.0,0.0,1.0,0.0,1.0,0.0,1.0,0.0,0.0,0.0,0.0,0.0,1.0
-0.8471206828014609,-0.10501345004309515,0.031098225450175085,-0.1479816849603568,0.08307306268206247,-0.06334084990310006,-0.22280407011466782,-0.7155860073769695,0.42558163617059586,0.5287988420632332,-1.1635899248568577,0.0,1.0,1.0,0.0,1.0,0.0,0.0,1.0,1.0,0.0,1.0,0.0,0.0,0.0,1.0,0.0,0.0
-0.30403485218404475,-0.29894724573689213,-0.47495979984381276,-0.5726444486860399,0.26794940004534334,-1.899803613946168,0.4715006335422254,-0.5822591779816806,1.8574214319766655,0.8431286145049733,-1.5379902092185138,1.0,0.0,1.0,0.0,1.0,0.0,1.0,0.0,1.0,0.0,1.0,0.0,0.0,0.0,1.0,0.0,0.0
-0.48404845527268925,-0.10501345004309515,-0.276865188022132,-0.12434606156492266,1.0815626288586953,-0.06334084990310006,0.6213765513667302,-1.5879617518712419,0.9105596315242648,-0.1732043163899863,-1.2571899959472714,0.0,1.0,1.0,0.0,1.0,0.0,1.0,0.0,1.0,0.0,0.0,1.0,0.0,0.0,0.0,1.0,0.0
-0.6182632434375808,-1.0781826750943346,-0.08385719801389947,-1.2578963192941177,0.6293534974452109,-0.05022365835981295,-0.4024745981091044,-0.036926303239381474,0.8181828705045182,-1.6819872241103386,-0.04038907177189177,1.0,0.0,1.0,0.0,1.0,0.0,1.0,0.0,1.0,0.0,1.0,0.0,0.0,0.0,1.0,0.0,0.0
-0.4214519528922605,-0.723907007905937,-0.52934688876162,-0.3209216285947506,-1.1471731136205319,-0.26769912245775224,1.9169906602713358,0.5269677575559873,0.009886211581736287,-1.8286744512498174,2.018812492217215,1.0,0.0,1.0,0.0,1.0,0.0,0.0,1.0,1.0,0.0,0.0,1.0,0.0,0.0,0.0,0.0,1.0
